0.0 0.0
0.130895955713 0.0
0.261769483079 0.0
0.392598157591 0.0
0.523359562429 0.0
0.654031292301 0.0
0.784590957278 0.0
0.915016186634 0.0
1.04528463268 0.0
1.17537397458 0.0
1.3052619222 0.0
1.43492621991 0.0
1.5643446504 0.0
1.69349503849 0.0
1.82235525492 0.0
1.95090322016 0.0
2.07911690818 0.0
2.20697435022 0.0
2.33445363856 0.0
2.46153293029 0.0
2.58819045103 0.0
2.71440449865 0.0
2.84015344704 0.0
2.96541574976 0.0
3.09016994375 0.0
3.21439465303 0.0
3.33806859234 0.0
3.46117057077 0.0
3.58367949545 0.0
3.7055743751 0.0
3.82683432365 0.0
3.94743856384 0.0
4.06736643076 0.0
4.18659737537 0.0
4.30511096808 0.0
4.42288690219 0.0
4.5399049974 0.0
4.65614520325 0.0
4.7715876026 0.0
4.88621241497 0.0
5.0 0.0
5.11293086077 0.0
5.22498564716 0.0
5.33614515916 0.0
5.44639035015 0.0
5.5557023302 0.0
5.66406236925 0.0
5.77145190037 0.0
5.87785252292 0.0
5.98324600571 0.0
6.08761429009 0.0
6.1909394931 0.0
6.2932039105 0.0
6.39439001981 0.0
6.4944804833 0.0
6.593458151 0.0
6.69130606359 0.0
6.78800745533 0.0
6.88354575694 0.0
6.97790459842 0.0
7.07106781187 0.0
7.16301943425 0.0
7.25374371012 0.0
7.34322509436 0.0
7.43144825477 0.0
7.51839807479 0.0
7.604059656 0.0
7.68841832073 0.0
7.77145961457 0.0
7.85316930881 0.0
7.93353340291 0.0
8.01253812691 0.0
8.09016994375 0.0
8.16641555162 0.0
8.24126188622 0.0
8.31469612303 0.0
8.38670567945 0.0
8.45727821704 0.0
8.52640164354 0.0
8.59406411501 0.0
8.66025403784 0.0
8.72496007073 0.0
8.78817112662 0.0
8.84987637463 0.0
8.91006524188 0.0
8.96872741533 0.0
9.0258528435 0.0
9.08143173825 0.0
9.13545457643 0.0
9.18791210149 0.0
9.23879532511 0.0
9.28809552872 0.0
9.33580426497 0.0
9.38191335922 0.0
9.42641491092 0.0
9.46930129495 0.0
9.51056516295 0.0
9.55019944457 0.0
9.58819734868 0.0
9.62455236454 0.0
9.65925826289 0.0
9.69230909707 0.0
9.72369920398 0.0
9.75342320509 0.0
9.78147600734 0.0
9.80785280403 0.0
9.83254907564 0.0
9.85556059058 0.0
9.87688340595 0.0
9.8965138682 0.0
9.91444861374 0.0
9.93068456955 0.0
9.94521895368 0.0
9.95804927575 0.0
9.96917333733 0.0
9.97858923239 0.0
9.98629534755 0.0
9.99229036241 0.0
9.99657324976 0.0
9.99914327574 0.0
10.0 0.0
9.99914327574 0.0
9.99657324976 0.0
9.99229036241 0.0
9.98629534755 0.0
9.97858923239 0.0
9.96917333733 0.0
9.95804927575 0.0
9.94521895368 0.0
9.93068456955 0.0
9.91444861374 0.0
9.8965138682 0.0
9.87688340595 0.0
9.85556059058 0.0
9.83254907564 0.0
9.80785280403 0.0
9.78147600734 0.0
9.75342320509 0.0
9.72369920398 0.0
9.69230909707 0.0
9.65925826289 0.0
9.62455236454 0.0
9.58819734868 0.0
9.55019944457 0.0
9.51056516295 0.0
9.46930129495 0.0
9.42641491092 0.0
9.38191335922 0.0
9.33580426497 0.0
9.28809552872 0.0
9.23879532511 0.0
9.18791210149 0.0
9.13545457643 0.0
9.08143173825 0.0
9.0258528435 0.0
8.96872741533 0.0
8.91006524188 0.0
8.84987637463 0.0
8.78817112662 0.0
8.72496007073 0.0
8.66025403784 0.0
8.59406411501 0.0
8.52640164354 0.0
8.45727821704 0.0
8.38670567945 0.0
8.31469612303 0.0
8.24126188622 0.0
8.16641555162 0.0
8.09016994375 0.0
8.01253812691 0.0
7.93353340291 0.0
7.85316930881 0.0
7.77145961457 0.0
7.68841832073 0.0
7.604059656 0.0
7.51839807479 0.0
7.43144825477 0.0
7.34322509436 0.0
7.25374371012 0.0
7.16301943425 0.0
7.07106781187 0.0
6.97790459842 0.0
6.88354575694 0.0
6.78800745533 0.0
6.69130606359 0.0
6.593458151 0.0
6.4944804833 0.0
6.39439001981 0.0
6.2932039105 0.0
6.1909394931 0.0
6.08761429009 0.0
5.98324600571 0.0
5.87785252292 0.0
5.77145190037 0.0
5.66406236925 0.0
5.5557023302 0.0
5.44639035015 0.0
5.33614515916 0.0
5.22498564716 0.0
5.11293086077 0.0
5.0 0.0
4.88621241497 0.0
4.7715876026 0.0
4.65614520325 0.0
4.5399049974 0.0
4.42288690219 0.0
4.30511096808 0.0
4.18659737537 0.0
4.06736643076 0.0
3.94743856384 0.0
3.82683432365 0.0
3.7055743751 0.0
3.58367949545 0.0
3.46117057077 0.0
3.33806859234 0.0
3.21439465303 0.0
3.09016994375 0.0
2.96541574976 0.0
2.84015344704 0.0
2.71440449865 0.0
2.58819045103 0.0
2.46153293029 0.0
2.33445363856 0.0
2.20697435022 0.0
2.07911690818 0.0
1.95090322016 0.0
1.82235525492 0.0
1.69349503849 0.0
1.5643446504 0.0
1.43492621991 0.0
1.3052619222 0.0
1.17537397458 0.0
1.04528463268 0.0
0.915016186634 0.0
0.784590957278 0.0
0.654031292301 0.0
0.523359562429 0.0
0.392598157591 0.0
0.261769483079 0.0
0.130895955713 0.0
1.22464679915e-15 0.0
-0.130895955713 0.0
-0.261769483079 0.0
-0.392598157591 0.0
-0.523359562429 0.0
-0.654031292301 0.0
-0.784590957278 0.0
-0.915016186634 0.0
-1.04528463268 0.0
-1.17537397458 0.0
-1.3052619222 0.0
-1.43492621991 0.0
-1.5643446504 0.0
-1.69349503849 0.0
-1.82235525492 0.0
-1.95090322016 0.0
-2.07911690818 0.0
-2.20697435022 0.0
-2.33445363856 0.0
-2.46153293029 0.0
-2.58819045103 0.0
-2.71440449865 0.0
-2.84015344704 0.0
-2.96541574976 0.0
-3.09016994375 0.0
-3.21439465303 0.0
-3.33806859234 0.0
-3.46117057077 0.0
-3.58367949545 0.0
-3.7055743751 0.0
-3.82683432365 0.0
-3.94743856384 0.0
-4.06736643076 0.0
-4.18659737537 0.0
-4.30511096808 0.0
-4.42288690219 0.0
-4.5399049974 0.0
-4.65614520325 0.0
-4.7715876026 0.0
-4.88621241497 0.0
-5.0 0.0
-5.11293086077 0.0
-5.22498564716 0.0
-5.33614515916 0.0
-5.44639035015 0.0
-5.5557023302 0.0
-5.66406236925 0.0
-5.77145190037 0.0
-5.87785252292 0.0
-5.98324600571 0.0
-6.08761429009 0.0
-6.1909394931 0.0
-6.2932039105 0.0
-6.39439001981 0.0
-6.4944804833 0.0
-6.593458151 0.0
-6.69130606359 0.0
-6.78800745533 0.0
-6.88354575694 0.0
-6.97790459842 0.0
-7.07106781187 0.0
-7.16301943425 0.0
-7.25374371012 0.0
-7.34322509436 0.0
-7.43144825477 0.0
-7.51839807479 0.0
-7.604059656 0.0
-7.68841832073 0.0
-7.77145961457 0.0
-7.85316930881 0.0
-7.93353340291 0.0
-8.01253812691 0.0
-8.09016994375 0.0
-8.16641555162 0.0
-8.24126188622 0.0
-8.31469612303 0.0
-8.38670567945 0.0
-8.45727821704 0.0
-8.52640164354 0.0
-8.59406411501 0.0
-8.66025403784 0.0
-8.72496007073 0.0
-8.78817112662 0.0
-8.84987637463 0.0
-8.91006524188 0.0
-8.96872741533 0.0
-9.0258528435 0.0
-9.08143173825 0.0
-9.13545457643 0.0
-9.18791210149 0.0
-9.23879532511 0.0
-9.28809552872 0.0
-9.33580426497 0.0
-9.38191335922 0.0
-9.42641491092 0.0
-9.46930129495 0.0
-9.51056516295 0.0
-9.55019944457 0.0
-9.58819734868 0.0
-9.62455236454 0.0
-9.65925826289 0.0
-9.69230909707 0.0
-9.72369920398 0.0
-9.75342320509 0.0
-9.78147600734 0.0
-9.80785280403 0.0
-9.83254907564 0.0
-9.85556059058 0.0
-9.87688340595 0.0
-9.8965138682 0.0
-9.91444861374 0.0
-9.93068456955 0.0
-9.94521895368 0.0
-9.95804927575 0.0
-9.96917333733 0.0
-9.97858923239 0.0
-9.98629534755 0.0
-9.99229036241 0.0
-9.99657324976 0.0
-9.99914327574 0.0
-10.0 0.0
-9.99914327574 0.0
-9.99657324976 0.0
-9.99229036241 0.0
-9.98629534755 0.0
-9.97858923239 0.0
-9.96917333733 0.0
-9.95804927575 0.0
-9.94521895368 0.0
-9.93068456955 0.0
-9.91444861374 0.0
-9.8965138682 0.0
-9.87688340595 0.0
-9.85556059058 0.0
-9.83254907564 0.0
-9.80785280403 0.0
-9.78147600734 0.0
-9.75342320509 0.0
-9.72369920398 0.0
-9.69230909707 0.0
-9.65925826289 0.0
-9.62455236454 0.0
-9.58819734868 0.0
-9.55019944457 0.0
-9.51056516295 0.0
-9.46930129495 0.0
-9.42641491092 0.0
-9.38191335922 0.0
-9.33580426497 0.0
-9.28809552872 0.0
-9.23879532511 0.0
-9.18791210149 0.0
-9.13545457643 0.0
-9.08143173825 0.0
-9.0258528435 0.0
-8.96872741533 0.0
-8.91006524188 0.0
-8.84987637463 0.0
-8.78817112662 0.0
-8.72496007073 0.0
-8.66025403784 0.0
-8.59406411501 0.0
-8.52640164354 0.0
-8.45727821704 0.0
-8.38670567945 0.0
-8.31469612303 0.0
-8.24126188622 0.0
-8.16641555162 0.0
-8.09016994375 0.0
-8.01253812691 0.0
-7.93353340291 0.0
-7.85316930881 0.0
-7.77145961457 0.0
-7.68841832073 0.0
-7.604059656 0.0
-7.51839807479 0.0
-7.43144825477 0.0
-7.34322509436 0.0
-7.25374371012 0.0
-7.16301943425 0.0
-7.07106781187 0.0
-6.97790459842 0.0
-6.88354575694 0.0
-6.78800745533 0.0
-6.69130606359 0.0
-6.593458151 0.0
-6.4944804833 0.0
-6.39439001981 0.0
-6.2932039105 0.0
-6.1909394931 0.0
-6.08761429009 0.0
-5.98324600571 0.0
-5.87785252292 0.0
-5.77145190037 0.0
-5.66406236925 0.0
-5.5557023302 0.0
-5.44639035015 0.0
-5.33614515916 0.0
-5.22498564716 0.0
-5.11293086077 0.0
-5.0 0.0
-4.88621241497 0.0
-4.7715876026 0.0
-4.65614520325 0.0
-4.5399049974 0.0
-4.42288690219 0.0
-4.30511096808 0.0
-4.18659737537 0.0
-4.06736643076 0.0
-3.94743856384 0.0
-3.82683432365 0.0
-3.7055743751 0.0
-3.58367949545 0.0
-3.46117057077 0.0
-3.33806859234 0.0
-3.21439465303 0.0
-3.09016994375 0.0
-2.96541574976 0.0
-2.84015344704 0.0
-2.71440449865 0.0
-2.58819045103 0.0
-2.46153293029 0.0
-2.33445363856 0.0
-2.20697435022 0.0
-2.07911690818 0.0
-1.95090322016 0.0
-1.82235525492 0.0
-1.69349503849 0.0
-1.5643446504 0.0
-1.43492621991 0.0
-1.3052619222 0.0
-1.17537397458 0.0
-1.04528463268 0.0
-0.915016186634 0.0
-0.784590957278 0.0
-0.654031292301 0.0
-0.523359562429 0.0
-0.392598157591 0.0
-0.261769483079 0.0
-0.130895955713 0.0
-2.44929359829e-15 0.0
0.130895955713 0.0
0.261769483079 0.0
0.392598157591 0.0
0.523359562429 0.0
0.654031292301 0.0
0.784590957278 0.0
0.915016186634 0.0
1.04528463268 0.0
1.17537397458 0.0
1.3052619222 0.0
1.43492621991 0.0
1.5643446504 0.0
1.69349503849 0.0
1.82235525492 0.0
1.95090322016 0.0
2.07911690818 0.0
2.20697435022 0.0
2.33445363856 0.0
2.46153293029 0.0
2.58819045103 0.0
2.71440449865 0.0
2.84015344704 0.0
2.96541574976 0.0
3.09016994375 0.0
3.21439465303 0.0
3.33806859234 0.0
3.46117057077 0.0
3.58367949545 0.0
3.7055743751 0.0
3.82683432365 0.0
3.94743856384 0.0
4.06736643076 0.0
4.18659737537 0.0
4.30511096808 0.0
4.42288690219 0.0
4.5399049974 0.0
4.65614520325 0.0
4.7715876026 0.0
4.88621241497 0.0
5.0 0.0
5.11293086077 0.0
5.22498564716 0.0
5.33614515916 0.0
5.44639035015 0.0
5.5557023302 0.0
5.66406236925 0.0
5.77145190037 0.0
5.87785252292 0.0
5.98324600571 0.0
6.08761429009 0.0
6.1909394931 0.0
6.2932039105 0.0
6.39439001981 0.0
6.4944804833 0.0
6.593458151 0.0
6.69130606359 0.0
6.78800745533 0.0
6.88354575694 0.0
6.97790459842 0.0
7.07106781187 0.0
7.16301943425 0.0
7.25374371012 0.0
7.34322509436 0.0
7.43144825477 0.0
7.51839807479 0.0
7.604059656 0.0
7.68841832073 0.0
7.77145961457 0.0
7.85316930881 0.0
7.93353340291 0.0
8.01253812691 0.0
8.09016994375 0.0
8.16641555162 0.0
8.24126188622 0.0
8.31469612303 0.0
8.38670567945 0.0
8.45727821704 0.0
8.52640164354 0.0
8.59406411501 0.0
8.66025403784 0.0
8.72496007073 0.0
8.78817112662 0.0
8.84987637463 0.0
8.91006524188 0.0
8.96872741533 0.0
9.0258528435 0.0
9.08143173825 0.0
9.13545457643 0.0
9.18791210149 0.0
9.23879532511 0.0
9.28809552872 0.0
9.33580426497 0.0
9.38191335922 0.0
9.42641491092 0.0
9.46930129495 0.0
9.51056516295 0.0
9.55019944457 0.0
9.58819734868 0.0
9.62455236454 0.0
9.65925826289 0.0
9.69230909707 0.0
9.72369920398 0.0
9.75342320509 0.0
9.78147600734 0.0
9.80785280403 0.0
9.83254907564 0.0
9.85556059058 0.0
9.87688340595 0.0
9.8965138682 0.0
9.91444861374 0.0
9.93068456955 0.0
9.94521895368 0.0
9.95804927575 0.0
9.96917333733 0.0
9.97858923239 0.0
9.98629534755 0.0
9.99229036241 0.0
9.99657324976 0.0
9.99914327574 0.0
10.0 0.0
9.99914327574 0.0
9.99657324976 0.0
9.99229036241 0.0
9.98629534755 0.0
9.97858923239 0.0
9.96917333733 0.0
9.95804927575 0.0
9.94521895368 0.0
9.93068456955 0.0
9.91444861374 0.0
9.8965138682 0.0
9.87688340595 0.0
9.85556059058 0.0
9.83254907564 0.0
9.80785280403 0.0
9.78147600734 0.0
9.75342320509 0.0
9.72369920398 0.0
9.69230909707 0.0
9.65925826289 0.0
9.62455236454 0.0
9.58819734868 0.0
9.55019944457 0.0
9.51056516295 0.0
9.46930129495 0.0
9.42641491092 0.0
9.38191335922 0.0
9.33580426497 0.0
9.28809552872 0.0
9.23879532511 0.0
9.18791210149 0.0
9.13545457643 0.0
9.08143173825 0.0
9.0258528435 0.0
8.96872741533 0.0
8.91006524188 0.0
8.84987637463 0.0
8.78817112662 0.0
8.72496007073 0.0
8.66025403784 0.0
8.59406411501 0.0
8.52640164354 0.0
8.45727821704 0.0
8.38670567945 0.0
8.31469612303 0.0
8.24126188622 0.0
8.16641555162 0.0
8.09016994375 0.0
8.01253812691 0.0
7.93353340291 0.0
7.85316930881 0.0
7.77145961457 0.0
7.68841832073 0.0
7.604059656 0.0
7.51839807479 0.0
7.43144825477 0.0
7.34322509436 0.0
7.25374371012 0.0
7.16301943425 0.0
7.07106781187 0.0
6.97790459842 0.0
6.88354575694 0.0
6.78800745533 0.0
6.69130606359 0.0
6.593458151 0.0
6.4944804833 0.0
6.39439001981 0.0
6.2932039105 0.0
6.1909394931 0.0
6.08761429009 0.0
5.98324600571 0.0
5.87785252292 0.0
5.77145190037 0.0
5.66406236925 0.0
5.5557023302 0.0
5.44639035015 0.0
5.33614515916 0.0
5.22498564716 0.0
5.11293086077 0.0
5.0 0.0
4.88621241497 0.0
4.7715876026 0.0
4.65614520325 0.0
4.5399049974 0.0
4.42288690219 0.0
4.30511096808 0.0
4.18659737537 0.0
4.06736643076 0.0
3.94743856384 0.0
3.82683432365 0.0
3.7055743751 0.0
3.58367949545 0.0
3.46117057077 0.0
3.33806859234 0.0
3.21439465303 0.0
3.09016994375 0.0
2.96541574976 0.0
2.84015344704 0.0
2.71440449865 0.0
2.58819045103 0.0
2.46153293029 0.0
2.33445363856 0.0
2.20697435022 0.0
2.07911690818 0.0
1.95090322016 0.0
1.82235525492 0.0
1.69349503849 0.0
1.5643446504 0.0
1.43492621991 0.0
1.3052619222 0.0
1.17537397458 0.0
1.04528463268 0.0
0.915016186634 0.0
0.784590957278 0.0
0.654031292301 0.0
0.523359562429 0.0
0.392598157591 0.0
0.261769483079 0.0
0.130895955713 0.0
3.67394039744e-15 0.0
-0.130895955713 0.0
-0.261769483079 0.0
-0.392598157591 0.0
-0.523359562429 0.0
-0.654031292301 0.0
-0.784590957278 0.0
-0.915016186634 0.0
-1.04528463268 0.0
-1.17537397458 0.0
-1.3052619222 0.0
-1.43492621991 0.0
-1.5643446504 0.0
-1.69349503849 0.0
-1.82235525492 0.0
-1.95090322016 0.0
-2.07911690818 0.0
-2.20697435022 0.0
-2.33445363856 0.0
-2.46153293029 0.0
-2.58819045103 0.0
-2.71440449865 0.0
-2.84015344704 0.0
-2.96541574976 0.0
-3.09016994375 0.0
-3.21439465303 0.0
-3.33806859234 0.0
-3.46117057077 0.0
-3.58367949545 0.0
-3.7055743751 0.0
-3.82683432365 0.0
-3.94743856384 0.0
-4.06736643076 0.0
-4.18659737537 0.0
-4.30511096808 0.0
-4.42288690219 0.0
-4.5399049974 0.0
-4.65614520325 0.0
-4.7715876026 0.0
-4.88621241497 0.0
-5.0 0.0
-5.11293086077 0.0
-5.22498564716 0.0
-5.33614515916 0.0
-5.44639035015 0.0
-5.5557023302 0.0
-5.66406236925 0.0
-5.77145190037 0.0
-5.87785252292 0.0
-5.98324600571 0.0
-6.08761429009 0.0
-6.1909394931 0.0
-6.2932039105 0.0
-6.39439001981 0.0
-6.4944804833 0.0
-6.593458151 0.0
-6.69130606359 0.0
-6.78800745533 0.0
-6.88354575694 0.0
-6.97790459842 0.0
-7.07106781187 0.0
-7.16301943425 0.0
-7.25374371012 0.0
-7.34322509436 0.0
-7.43144825477 0.0
-7.51839807479 0.0
-7.604059656 0.0
-7.68841832073 0.0
-7.77145961457 0.0
-7.85316930881 0.0
-7.93353340291 0.0
-8.01253812691 0.0
-8.09016994375 0.0
-8.16641555162 0.0
-8.24126188622 0.0
-8.31469612303 0.0
-8.38670567945 0.0
-8.45727821704 0.0
-8.52640164354 0.0
-8.59406411501 0.0
-8.66025403784 0.0
-8.72496007073 0.0
-8.78817112662 0.0
-8.84987637463 0.0
-8.91006524188 0.0
-8.96872741533 0.0
-9.0258528435 0.0
-9.08143173825 0.0
-9.13545457643 0.0
-9.18791210149 0.0
-9.23879532511 0.0
-9.28809552872 0.0
-9.33580426497 0.0
-9.38191335922 0.0
-9.42641491092 0.0
-9.46930129495 0.0
-9.51056516295 0.0
-9.55019944457 0.0
-9.58819734868 0.0
-9.62455236454 0.0
-9.65925826289 0.0
-9.69230909707 0.0
-9.72369920398 0.0
-9.75342320509 0.0
-9.78147600734 0.0
-9.80785280403 0.0
-9.83254907564 0.0
-9.85556059058 0.0
-9.87688340595 0.0
-9.8965138682 0.0
-9.91444861374 0.0
-9.93068456955 0.0
-9.94521895368 0.0
-9.95804927575 0.0
-9.96917333733 0.0
-9.97858923239 0.0
-9.98629534755 0.0
-9.99229036241 0.0
-9.99657324976 0.0
-9.99914327574 0.0
-10.0 0.0
-9.99914327574 0.0
-9.99657324976 0.0
-9.99229036241 0.0
-9.98629534755 0.0
-9.97858923239 0.0
-9.96917333733 0.0
-9.95804927575 0.0
-9.94521895368 0.0
-9.93068456955 0.0
-9.91444861374 0.0
-9.8965138682 0.0
-9.87688340595 0.0
-9.85556059058 0.0
-9.83254907564 0.0
-9.80785280403 0.0
-9.78147600734 0.0
-9.75342320509 0.0
-9.72369920398 0.0
-9.69230909707 0.0
-9.65925826289 0.0
-9.62455236454 0.0
-9.58819734868 0.0
-9.55019944457 0.0
-9.51056516295 0.0
-9.46930129495 0.0
-9.42641491092 0.0
-9.38191335922 0.0
-9.33580426497 0.0
-9.28809552872 0.0
-9.23879532511 0.0
-9.18791210149 0.0
-9.13545457643 0.0
-9.08143173825 0.0
-9.0258528435 0.0
-8.96872741533 0.0
-8.91006524188 0.0
-8.84987637463 0.0
-8.78817112662 0.0
-8.72496007073 0.0
-8.66025403784 0.0
-8.59406411501 0.0
-8.52640164354 0.0
-8.45727821704 0.0
-8.38670567945 0.0
-8.31469612303 0.0
-8.24126188622 0.0
-8.16641555162 0.0
-8.09016994375 0.0
-8.01253812691 0.0
-7.93353340291 0.0
-7.85316930881 0.0
-7.77145961457 0.0
-7.68841832073 0.0
-7.604059656 0.0
-7.51839807479 0.0
-7.43144825477 0.0
-7.34322509436 0.0
-7.25374371012 0.0
-7.16301943425 0.0
-7.07106781187 0.0
-6.97790459842 0.0
-6.88354575694 0.0
-6.78800745533 0.0
-6.69130606359 0.0
-6.593458151 0.0
-6.4944804833 0.0
-6.39439001981 0.0
-6.2932039105 0.0
-6.1909394931 0.0
-6.08761429009 0.0
-5.98324600571 0.0
-5.87785252292 0.0
-5.77145190037 0.0
-5.66406236925 0.0
-5.5557023302 0.0
-5.44639035015 0.0
-5.33614515916 0.0
-5.22498564716 0.0
-5.11293086077 0.0
-5.0 0.0
-4.88621241497 0.0
-4.7715876026 0.0
-4.65614520325 0.0
-4.5399049974 0.0
-4.42288690219 0.0
-4.30511096808 0.0
-4.18659737537 0.0
-4.06736643076 0.0
-3.94743856384 0.0
-3.82683432365 0.0
-3.7055743751 0.0
-3.58367949545 0.0
-3.46117057077 0.0
-3.33806859234 0.0
-3.21439465303 0.0
-3.09016994375 0.0
-2.96541574976 0.0
-2.84015344704 0.0
-2.71440449865 0.0
-2.58819045103 0.0
-2.46153293029 0.0
-2.33445363856 0.0
-2.20697435022 0.0
-2.07911690818 0.0
-1.95090322016 0.0
-1.82235525492 0.0
-1.69349503849 0.0
-1.5643446504 0.0
-1.43492621991 0.0
-1.3052619222 0.0
-1.17537397458 0.0
-1.04528463268 0.0
-0.915016186634 0.0
-0.784590957278 0.0
-0.654031292301 0.0
-0.523359562429 0.0
-0.392598157591 0.0
-0.261769483079 0.0
-0.130895955713 0.0
-4.89858719659e-15 0.0
0.130895955713 0.0
0.261769483079 0.0
0.392598157591 0.0
0.523359562429 0.0
0.654031292301 0.0
0.784590957278 0.0
0.915016186634 0.0
1.04528463268 0.0
1.17537397458 0.0
1.3052619222 0.0
1.43492621991 0.0
1.5643446504 0.0
1.69349503849 0.0
1.82235525492 0.0
1.95090322016 0.0
2.07911690818 0.0
2.20697435022 0.0
2.33445363856 0.0
2.46153293029 0.0
2.58819045103 0.0
2.71440449865 0.0
2.84015344704 0.0
2.96541574976 0.0
3.09016994375 0.0
3.21439465303 0.0
3.33806859234 0.0
3.46117057077 0.0
3.58367949545 0.0
3.7055743751 0.0
3.82683432365 0.0
3.94743856384 0.0
4.06736643076 0.0
4.18659737537 0.0
4.30511096808 0.0
4.42288690219 0.0
4.5399049974 0.0
4.65614520325 0.0
4.7715876026 0.0
4.88621241497 0.0
5.0 0.0
5.11293086077 0.0
5.22498564716 0.0
5.33614515916 0.0
5.44639035015 0.0
5.5557023302 0.0
5.66406236925 0.0
5.77145190037 0.0
5.87785252292 0.0
5.98324600571 0.0
6.08761429009 0.0
6.1909394931 0.0
6.2932039105 0.0
6.39439001981 0.0
6.4944804833 0.0
6.593458151 0.0
6.69130606359 0.0
6.78800745533 0.0
6.88354575694 0.0
6.97790459842 0.0
7.07106781187 0.0
7.16301943425 0.0
7.25374371012 0.0
7.34322509436 0.0
7.43144825477 0.0
7.51839807479 0.0
7.604059656 0.0
7.68841832073 0.0
7.77145961457 0.0
7.85316930881 0.0
7.93353340291 0.0
8.01253812691 0.0
8.09016994375 0.0
8.16641555162 0.0
8.24126188622 0.0
8.31469612303 0.0
8.38670567945 0.0
8.45727821704 0.0
8.52640164354 0.0
8.59406411501 0.0
8.66025403784 0.0
8.72496007073 0.0
8.78817112662 0.0
8.84987637463 0.0
8.91006524188 0.0
8.96872741533 0.0
9.0258528435 0.0
9.08143173825 0.0
9.13545457643 0.0
9.18791210149 0.0
9.23879532511 0.0
9.28809552872 0.0
9.33580426497 0.0
9.38191335922 0.0
9.42641491092 0.0
9.46930129495 0.0
9.51056516295 0.0
9.55019944457 0.0
9.58819734868 0.0
9.62455236454 0.0
9.65925826289 0.0
9.69230909707 0.0
9.72369920398 0.0
9.75342320509 0.0
9.78147600734 0.0
9.80785280403 0.0
9.83254907564 0.0
9.85556059058 0.0
9.87688340595 0.0
9.8965138682 0.0
9.91444861374 0.0
9.93068456955 0.0
9.94521895368 0.0
9.95804927575 0.0
9.96917333733 0.0
9.97858923239 0.0
9.98629534755 0.0
9.99229036241 0.0
9.99657324976 0.0
9.99914327574 0.0
10.0 0.0
9.99914327574 0.0
9.99657324976 0.0
9.99229036241 0.0
9.98629534755 0.0
9.97858923239 0.0
9.96917333733 0.0
9.95804927575 0.0
9.94521895368 0.0
9.93068456955 0.0
9.91444861374 0.0
9.8965138682 0.0
9.87688340595 0.0
9.85556059058 0.0
9.83254907564 0.0
9.80785280403 0.0
9.78147600734 0.0
9.75342320509 0.0
9.72369920398 0.0
9.69230909707 0.0
9.65925826289 0.0
9.62455236454 0.0
9.58819734868 0.0
9.55019944457 0.0
9.51056516295 0.0
9.46930129495 0.0
9.42641491092 0.0
9.38191335922 0.0
9.33580426497 0.0
9.28809552872 0.0
9.23879532511 0.0
9.18791210149 0.0
9.13545457643 0.0
9.08143173825 0.0
9.0258528435 0.0
8.96872741533 0.0
8.91006524188 0.0
8.84987637463 0.0
8.78817112662 0.0
8.72496007073 0.0
8.66025403784 0.0
8.59406411501 0.0
8.52640164354 0.0
8.45727821704 0.0
8.38670567945 0.0
8.31469612303 0.0
8.24126188622 0.0
8.16641555162 0.0
8.09016994375 0.0
8.01253812691 0.0
7.93353340291 0.0
7.85316930881 0.0
7.77145961457 0.0
7.68841832073 0.0
7.604059656 0.0
7.51839807479 0.0
7.43144825477 0.0
7.34322509436 0.0
7.25374371012 0.0
7.16301943425 0.0
7.07106781187 0.0
6.97790459842 0.0
6.88354575694 0.0
6.78800745533 0.0
6.69130606359 0.0
6.593458151 0.0
6.4944804833 0.0
6.39439001981 0.0
6.2932039105 0.0
6.1909394931 0.0
6.08761429009 0.0
5.98324600571 0.0
5.87785252292 0.0
5.77145190037 0.0
5.66406236925 0.0
5.5557023302 0.0
5.44639035015 0.0
5.33614515916 0.0
5.22498564716 0.0
5.11293086077 0.0
5.0 0.0
4.88621241497 0.0
4.7715876026 0.0
4.65614520325 0.0
4.5399049974 0.0
4.42288690219 0.0
4.30511096808 0.0
4.18659737537 0.0
4.06736643076 0.0
3.94743856384 0.0
3.82683432365 0.0
3.7055743751 0.0
3.58367949545 0.0
3.46117057077 0.0
3.33806859234 0.0
3.21439465303 0.0
3.09016994375 0.0
2.96541574976 0.0
2.84015344704 0.0
2.71440449865 0.0
2.58819045103 0.0
2.46153293029 0.0
2.33445363856 0.0
2.20697435022 0.0
2.07911690818 0.0
1.95090322016 0.0
1.82235525492 0.0
1.69349503849 0.0
1.5643446504 0.0
1.43492621991 0.0
1.3052619222 0.0
1.17537397458 0.0
1.04528463268 0.0
0.915016186634 0.0
0.784590957278 0.0
0.654031292301 0.0
0.523359562429 0.0
0.392598157591 0.0
0.261769483079 0.0
0.130895955713 0.0
-1.16403343983e-14 0.0
-0.130895955713 0.0
-0.261769483079 0.0
-0.392598157591 0.0
-0.523359562429 0.0
-0.654031292301 0.0
-0.784590957278 0.0
-0.915016186634 0.0
-1.04528463268 0.0
-1.17537397458 0.0
-1.3052619222 0.0
-1.43492621991 0.0
-1.5643446504 0.0
-1.69349503849 0.0
-1.82235525492 0.0
-1.95090322016 0.0
-2.07911690818 0.0
-2.20697435022 0.0
-2.33445363856 0.0
-2.46153293029 0.0
-2.58819045103 0.0
-2.71440449865 0.0
-2.84015344704 0.0
-2.96541574976 0.0
-3.09016994375 0.0
-3.21439465303 0.0
-3.33806859234 0.0
-3.46117057077 0.0
-3.58367949545 0.0
-3.7055743751 0.0
-3.82683432365 0.0
-3.94743856384 0.0
-4.06736643076 0.0
-4.18659737537 0.0
-4.30511096808 0.0
-4.42288690219 0.0
-4.5399049974 0.0
-4.65614520325 0.0
-4.7715876026 0.0
-4.88621241497 0.0
-5.0 0.0
-5.11293086077 0.0
-5.22498564716 0.0
-5.33614515916 0.0
-5.44639035015 0.0
-5.5557023302 0.0
-5.66406236925 0.0
-5.77145190037 0.0
-5.87785252292 0.0
-5.98324600571 0.0
-6.08761429009 0.0
-6.1909394931 0.0
-6.2932039105 0.0
-6.39439001981 0.0
-6.4944804833 0.0
-6.593458151 0.0
-6.69130606359 0.0
-6.78800745533 0.0
-6.88354575694 0.0
-6.97790459842 0.0
-7.07106781187 0.0
-7.16301943425 0.0
-7.25374371012 0.0
-7.34322509436 0.0
-7.43144825477 0.0
-7.51839807479 0.0
-7.604059656 0.0
-7.68841832073 0.0
-7.77145961457 0.0
-7.85316930881 0.0
-7.93353340291 0.0
-8.01253812691 0.0
-8.09016994375 0.0
-8.16641555162 0.0
-8.24126188622 0.0
-8.31469612303 0.0
-8.38670567945 0.0
-8.45727821704 0.0
-8.52640164354 0.0
-8.59406411501 0.0
-8.66025403784 0.0
-8.72496007073 0.0
-8.78817112662 0.0
-8.84987637463 0.0
-8.91006524188 0.0
-8.96872741533 0.0
-9.0258528435 0.0
-9.08143173825 0.0
-9.13545457643 0.0
-9.18791210149 0.0
-9.23879532511 0.0
-9.28809552872 0.0
-9.33580426497 0.0
-9.38191335922 0.0
-9.42641491092 0.0
-9.46930129495 0.0
-9.51056516295 0.0
-9.55019944457 0.0
-9.58819734868 0.0
-9.62455236454 0.0
-9.65925826289 0.0
-9.69230909707 0.0
-9.72369920398 0.0
-9.75342320509 0.0
-9.78147600734 0.0
-9.80785280403 0.0
-9.83254907564 0.0
-9.85556059058 0.0
-9.87688340595 0.0
-9.8965138682 0.0
-9.91444861374 0.0
-9.93068456955 0.0
-9.94521895368 0.0
-9.95804927575 0.0
-9.96917333733 0.0
-9.97858923239 0.0
-9.98629534755 0.0
-9.99229036241 0.0
-9.99657324976 0.0
-9.99914327574 0.0
-10.0 0.0
-9.99914327574 0.0
-9.99657324976 0.0
-9.99229036241 0.0
-9.98629534755 0.0
-9.97858923239 0.0
-9.96917333733 0.0
-9.95804927575 0.0
-9.94521895368 0.0
-9.93068456955 0.0
-9.91444861374 0.0
-9.8965138682 0.0
-9.87688340595 0.0
-9.85556059058 0.0
-9.83254907564 0.0
-9.80785280403 0.0
-9.78147600734 0.0
-9.75342320509 0.0
-9.72369920398 0.0
-9.69230909707 0.0
-9.65925826289 0.0
-9.62455236454 0.0
-9.58819734868 0.0
-9.55019944457 0.0
-9.51056516295 0.0
-9.46930129495 0.0
-9.42641491092 0.0
-9.38191335922 0.0
-9.33580426497 0.0
-9.28809552872 0.0
-9.23879532511 0.0
-9.18791210149 0.0
-9.13545457643 0.0
-9.08143173825 0.0
-9.0258528435 0.0
-8.96872741533 0.0
-8.91006524188 0.0
-8.84987637463 0.0
-8.78817112662 0.0
-8.72496007073 0.0
-8.66025403784 0.0
-8.59406411501 0.0
-8.52640164354 0.0
-8.45727821704 0.0
-8.38670567945 0.0
-8.31469612303 0.0
-8.24126188622 0.0
-8.16641555162 0.0
-8.09016994375 0.0
-8.01253812691 0.0
-7.93353340291 0.0
-7.85316930881 0.0
-7.77145961457 0.0
-7.68841832073 0.0
-7.604059656 0.0
-7.51839807479 0.0
-7.43144825477 0.0
-7.34322509436 0.0
-7.25374371012 0.0
-7.16301943425 0.0
-7.07106781187 0.0
-6.97790459842 0.0
-6.88354575694 0.0
-6.78800745533 0.0
-6.69130606359 0.0
-6.593458151 0.0
-6.4944804833 0.0
-6.39439001981 0.0
-6.2932039105 0.0
-6.1909394931 0.0
-6.08761429009 0.0
-5.98324600571 0.0
-5.87785252292 0.0
-5.77145190037 0.0
-5.66406236925 0.0
-5.5557023302 0.0
-5.44639035015 0.0
-5.33614515916 0.0
-5.22498564716 0.0
-5.11293086077 0.0
-5.0 0.0
-4.88621241497 0.0
-4.7715876026 0.0
-4.65614520325 0.0
-4.5399049974 0.0
-4.42288690219 0.0
-4.30511096808 0.0
-4.18659737537 0.0
-4.06736643076 0.0
-3.94743856384 0.0
-3.82683432365 0.0
-3.7055743751 0.0
-3.58367949545 0.0
-3.46117057077 0.0
-3.33806859234 0.0
-3.21439465303 0.0
-3.09016994375 0.0
-2.96541574976 0.0
-2.84015344704 0.0
-2.71440449865 0.0
-2.58819045103 0.0
-2.46153293029 0.0
-2.33445363856 0.0
-2.20697435022 0.0
-2.07911690818 0.0
-1.95090322016 0.0
-1.82235525492 0.0
-1.69349503849 0.0
-1.5643446504 0.0
-1.43492621991 0.0
-1.3052619222 0.0
-1.17537397458 0.0
-1.04528463268 0.0
-0.915016186634 0.0
-0.784590957278 0.0
-0.654031292301 0.0
-0.523359562429 0.0
-0.392598157591 0.0
-0.261769483079 0.0
-0.130895955713 0.0
-7.34788079488e-15 0.0
0.130895955713 0.0
0.261769483079 0.0
0.392598157591 0.0
0.523359562429 0.0
0.654031292301 0.0
0.784590957278 0.0
0.915016186634 0.0
1.04528463268 0.0
1.17537397458 0.0
1.3052619222 0.0
1.43492621991 0.0
1.5643446504 0.0
1.69349503849 0.0
1.82235525492 0.0
1.95090322016 0.0
2.07911690818 0.0
2.20697435022 0.0
2.33445363856 0.0
2.46153293029 0.0
2.58819045103 0.0
2.71440449865 0.0
2.84015344704 0.0
2.96541574976 0.0
3.09016994375 0.0
3.21439465303 0.0
3.33806859234 0.0
3.46117057077 0.0
3.58367949545 0.0
3.7055743751 0.0
3.82683432365 0.0
3.94743856384 0.0
4.06736643076 0.0
4.18659737537 0.0
4.30511096808 0.0
4.42288690219 0.0
4.5399049974 0.0
4.65614520325 0.0
4.7715876026 0.0
4.88621241497 0.0
5.0 0.0
5.11293086077 0.0
5.22498564716 0.0
5.33614515916 0.0
5.44639035015 0.0
5.5557023302 0.0
5.66406236925 0.0
5.77145190037 0.0
5.87785252292 0.0
5.98324600571 0.0
6.08761429009 0.0
6.1909394931 0.0
6.2932039105 0.0
6.39439001981 0.0
6.4944804833 0.0
6.593458151 0.0
6.69130606359 0.0
6.78800745533 0.0
6.88354575694 0.0
6.97790459842 0.0
7.07106781187 0.0
7.16301943425 0.0
7.25374371012 0.0
7.34322509436 0.0
7.43144825477 0.0
7.51839807479 0.0
7.604059656 0.0
7.68841832073 0.0
7.77145961457 0.0
7.85316930881 0.0
7.93353340291 0.0
8.01253812691 0.0
8.09016994375 0.0
8.16641555162 0.0
8.24126188622 0.0
8.31469612303 0.0
8.38670567945 0.0
8.45727821704 0.0
8.52640164354 0.0
8.59406411501 0.0
8.66025403784 0.0
8.72496007073 0.0
8.78817112662 0.0
8.84987637463 0.0
8.91006524188 0.0
8.96872741533 0.0
9.0258528435 0.0
9.08143173825 0.0
9.13545457643 0.0
9.18791210149 0.0
9.23879532511 0.0
9.28809552872 0.0
9.33580426497 0.0
9.38191335922 0.0
9.42641491092 0.0
9.46930129495 0.0
9.51056516295 0.0
9.55019944457 0.0
9.58819734868 0.0
9.62455236454 0.0
9.65925826289 0.0
9.69230909707 0.0
9.72369920398 0.0
9.75342320509 0.0
9.78147600734 0.0
9.80785280403 0.0
9.83254907564 0.0
9.85556059058 0.0
9.87688340595 0.0
9.8965138682 0.0
9.91444861374 0.0
9.93068456955 0.0
9.94521895368 0.0
9.95804927575 0.0
9.96917333733 0.0
9.97858923239 0.0
9.98629534755 0.0
9.99229036241 0.0
9.99657324976 0.0
9.99914327574 0.0
10.0 0.0
9.99914327574 0.0
9.99657324976 0.0
9.99229036241 0.0
9.98629534755 0.0
9.97858923239 0.0
9.96917333733 0.0
9.95804927575 0.0
9.94521895368 0.0
9.93068456955 0.0
9.91444861374 0.0
9.8965138682 0.0
9.87688340595 0.0
9.85556059058 0.0
9.83254907564 0.0
9.80785280403 0.0
9.78147600734 0.0
9.75342320509 0.0
9.72369920398 0.0
9.69230909707 0.0
9.65925826289 0.0
9.62455236454 0.0
9.58819734868 0.0
9.55019944457 0.0
9.51056516295 0.0
9.46930129495 0.0
9.42641491092 0.0
9.38191335922 0.0
9.33580426497 0.0
9.28809552872 0.0
9.23879532511 0.0
9.18791210149 0.0
9.13545457643 0.0
9.08143173825 0.0
9.0258528435 0.0
8.96872741533 0.0
8.91006524188 0.0
8.84987637463 0.0
8.78817112662 0.0
8.72496007073 0.0
8.66025403784 0.0
8.59406411501 0.0
8.52640164354 0.0
8.45727821704 0.0
8.38670567945 0.0
8.31469612303 0.0
8.24126188622 0.0
8.16641555162 0.0
8.09016994375 0.0
8.01253812691 0.0
7.93353340291 0.0
7.85316930881 0.0
7.77145961457 0.0
7.68841832073 0.0
7.604059656 0.0
7.51839807479 0.0
7.43144825477 0.0
7.34322509436 0.0
7.25374371012 0.0
7.16301943425 0.0
7.07106781187 0.0
6.97790459842 0.0
6.88354575694 0.0
6.78800745533 0.0
6.69130606359 0.0
6.593458151 0.0
6.4944804833 0.0
6.39439001981 0.0
6.2932039105 0.0
6.1909394931 0.0
6.08761429009 0.0
5.98324600571 0.0
5.87785252292 0.0
5.77145190037 0.0
5.66406236925 0.0
5.5557023302 0.0
5.44639035015 0.0
5.33614515916 0.0
5.22498564716 0.0
5.11293086077 0.0
5.0 0.0
4.88621241497 0.0
4.7715876026 0.0
4.65614520325 0.0
4.5399049974 0.0
4.42288690219 0.0
4.30511096808 0.0
4.18659737537 0.0
4.06736643076 0.0
3.94743856384 0.0
3.82683432365 0.0
3.7055743751 0.0
3.58367949545 0.0
3.46117057077 0.0
3.33806859234 0.0
3.21439465303 0.0
3.09016994375 0.0
2.96541574976 0.0
2.84015344704 0.0
2.71440449865 0.0
2.58819045103 0.0
2.46153293029 0.0
2.33445363856 0.0
2.20697435022 0.0
2.07911690818 0.0
1.95090322016 0.0
1.82235525492 0.0
1.69349503849 0.0
1.5643446504 0.0
1.43492621991 0.0
1.3052619222 0.0
1.17537397458 0.0
1.04528463268 0.0
0.915016186634 0.0
0.784590957278 0.0
0.654031292301 0.0
0.523359562429 0.0
0.392598157591 0.0
0.261769483079 0.0
0.130895955713 0.0
-2.6954609194e-14 0.0
-0.130895955713 0.0
-0.261769483079 0.0
-0.392598157591 0.0
-0.523359562429 0.0
-0.654031292301 0.0
-0.784590957278 0.0
-0.915016186634 0.0
-1.04528463268 0.0
-1.17537397458 0.0
-1.3052619222 0.0
-1.43492621991 0.0
-1.5643446504 0.0
-1.69349503849 0.0
-1.82235525492 0.0
-1.95090322016 0.0
-2.07911690818 0.0
-2.20697435021 0.0
-2.33445363856 0.0
-2.46153293029 0.0
-2.58819045103 0.0
-2.71440449865 0.0
-2.84015344704 0.0
-2.96541574976 0.0
-3.09016994375 0.0
-3.21439465303 0.0
-3.33806859234 0.0
-3.46117057077 0.0
-3.58367949545 0.0
-3.7055743751 0.0
-3.82683432365 0.0
-3.94743856384 0.0
-4.06736643076 0.0
-4.18659737537 0.0
-4.30511096808 0.0
-4.42288690219 0.0
-4.5399049974 0.0
-4.65614520325 0.0
-4.7715876026 0.0
-4.88621241497 0.0
-5.0 0.0
-5.11293086077 0.0
-5.22498564716 0.0
-5.33614515916 0.0
-5.44639035015 0.0
-5.5557023302 0.0
-5.66406236925 0.0
-5.77145190037 0.0
-5.87785252292 0.0
-5.98324600571 0.0
-6.08761429009 0.0
-6.1909394931 0.0
-6.2932039105 0.0
-6.39439001981 0.0
-6.4944804833 0.0
-6.593458151 0.0
-6.69130606359 0.0
-6.78800745533 0.0
-6.88354575694 0.0
-6.97790459842 0.0
-7.07106781187 0.0
-7.16301943425 0.0
-7.25374371012 0.0
-7.34322509436 0.0
-7.43144825477 0.0
-7.51839807479 0.0
-7.604059656 0.0
-7.68841832073 0.0
-7.77145961457 0.0
-7.85316930881 0.0
-7.93353340291 0.0
-8.01253812691 0.0
-8.09016994375 0.0
-8.16641555162 0.0
-8.24126188622 0.0
-8.31469612303 0.0
-8.38670567945 0.0
-8.45727821704 0.0
-8.52640164354 0.0
-8.59406411501 0.0
-8.66025403784 0.0
-8.72496007073 0.0
-8.78817112662 0.0
-8.84987637463 0.0
-8.91006524188 0.0
-8.96872741533 0.0
-9.0258528435 0.0
-9.08143173825 0.0
-9.13545457643 0.0
-9.18791210149 0.0
-9.23879532511 0.0
-9.28809552872 0.0
-9.33580426497 0.0
-9.38191335922 0.0
-9.42641491092 0.0
-9.46930129495 0.0
-9.51056516295 0.0
-9.55019944457 0.0
-9.58819734868 0.0
-9.62455236454 0.0
-9.65925826289 0.0
-9.69230909707 0.0
-9.72369920398 0.0
-9.75342320509 0.0
-9.78147600734 0.0
-9.80785280403 0.0
-9.83254907564 0.0
-9.85556059058 0.0
-9.87688340595 0.0
-9.8965138682 0.0
-9.91444861374 0.0
-9.93068456955 0.0
-9.94521895368 0.0
-9.95804927575 0.0
-9.96917333733 0.0
-9.97858923239 0.0
-9.98629534755 0.0
-9.99229036241 0.0
-9.99657324976 0.0
-9.99914327574 0.0
-10.0 0.0
-9.99914327574 0.0
-9.99657324976 0.0
-9.99229036241 0.0
-9.98629534755 0.0
-9.97858923239 0.0
-9.96917333733 0.0
-9.95804927575 0.0
-9.94521895368 0.0
-9.93068456955 0.0
-9.91444861374 0.0
-9.8965138682 0.0
-9.87688340595 0.0
-9.85556059058 0.0
-9.83254907564 0.0
-9.80785280403 0.0
-9.78147600734 0.0
-9.75342320509 0.0
-9.72369920398 0.0
-9.69230909707 0.0
-9.65925826289 0.0
-9.62455236454 0.0
-9.58819734868 0.0
-9.55019944457 0.0
-9.51056516295 0.0
-9.46930129495 0.0
-9.42641491092 0.0
-9.38191335922 0.0
-9.33580426497 0.0
-9.28809552872 0.0
-9.23879532511 0.0
-9.18791210149 0.0
-9.13545457643 0.0
-9.08143173825 0.0
-9.0258528435 0.0
-8.96872741533 0.0
-8.91006524188 0.0
-8.84987637463 0.0
-8.78817112662 0.0
-8.72496007073 0.0
-8.66025403784 0.0
-8.59406411501 0.0
-8.52640164354 0.0
-8.45727821704 0.0
-8.38670567945 0.0
-8.31469612303 0.0
-8.24126188622 0.0
-8.16641555162 0.0
-8.09016994375 0.0
-8.01253812691 0.0
-7.93353340291 0.0
-7.85316930881 0.0
-7.77145961457 0.0
-7.68841832073 0.0
-7.604059656 0.0
-7.51839807479 0.0
-7.43144825477 0.0
-7.34322509436 0.0
-7.25374371012 0.0
-7.16301943425 0.0
-7.07106781187 0.0
-6.97790459842 0.0
-6.88354575694 0.0
-6.78800745533 0.0
-6.69130606359 0.0
-6.593458151 0.0
-6.4944804833 0.0
-6.39439001981 0.0
-6.2932039105 0.0
-6.1909394931 0.0
-6.08761429009 0.0
-5.98324600571 0.0
-5.87785252292 0.0
-5.77145190037 0.0
-5.66406236925 0.0
-5.5557023302 0.0
-5.44639035015 0.0
-5.33614515916 0.0
-5.22498564716 0.0
-5.11293086077 0.0
-5.0 0.0
-4.88621241497 0.0
-4.7715876026 0.0
-4.65614520325 0.0
-4.5399049974 0.0
-4.42288690219 0.0
-4.30511096808 0.0
-4.18659737537 0.0
-4.06736643076 0.0
-3.94743856384 0.0
-3.82683432365 0.0
-3.7055743751 0.0
-3.58367949545 0.0
-3.46117057077 0.0
-3.33806859234 0.0
-3.21439465303 0.0
-3.09016994375 0.0
-2.96541574976 0.0
-2.84015344704 0.0
-2.71440449865 0.0
-2.58819045103 0.0
-2.46153293029 0.0
-2.33445363856 0.0
-2.20697435022 0.0
-2.07911690818 0.0
-1.95090322016 0.0
-1.82235525492 0.0
-1.69349503849 0.0
-1.5643446504 0.0
-1.43492621991 0.0
-1.3052619222 0.0
-1.17537397458 0.0
-1.04528463268 0.0
-0.915016186634 0.0
-0.784590957278 0.0
-0.654031292301 0.0
-0.523359562429 0.0
-0.392598157591 0.0
-0.261769483079 0.0
-0.130895955713 0.0
-9.79717439318e-15 0.0
0.130895955713 0.0
0.261769483079 0.0
0.392598157591 0.0
0.523359562429 0.0
0.654031292301 0.0
0.784590957278 0.0
0.915016186634 0.0
1.04528463268 0.0
1.17537397458 0.0
1.3052619222 0.0
1.43492621991 0.0
1.5643446504 0.0
1.69349503849 0.0
1.82235525492 0.0
1.95090322016 0.0
2.07911690818 0.0
2.20697435022 0.0
2.33445363856 0.0
2.46153293029 0.0
2.58819045103 0.0
2.71440449865 0.0
2.84015344704 0.0
2.96541574976 0.0
3.09016994375 0.0
3.21439465303 0.0
3.33806859234 0.0
3.46117057077 0.0
3.58367949545 0.0
3.7055743751 0.0
3.82683432365 0.0
3.94743856384 0.0
4.06736643076 0.0
4.18659737537 0.0
4.30511096808 0.0
4.42288690219 0.0
4.5399049974 0.0
4.65614520325 0.0
4.7715876026 0.0
4.88621241497 0.0
5.0 0.0
5.11293086077 0.0
5.22498564716 0.0
5.33614515916 0.0
5.44639035015 0.0
5.5557023302 0.0
5.66406236925 0.0
5.77145190037 0.0
5.87785252292 0.0
5.98324600571 0.0
6.08761429009 0.0
6.1909394931 0.0
6.2932039105 0.0
6.39439001981 0.0
6.4944804833 0.0
6.593458151 0.0
6.69130606359 0.0
6.78800745533 0.0
6.88354575694 0.0
6.97790459842 0.0
7.07106781187 0.0
7.16301943425 0.0
7.25374371012 0.0
7.34322509436 0.0
7.43144825477 0.0
7.51839807479 0.0
7.604059656 0.0
7.68841832073 0.0
7.77145961457 0.0
7.85316930881 0.0
7.93353340291 0.0
8.01253812691 0.0
8.09016994375 0.0
8.16641555162 0.0
8.24126188622 0.0
8.31469612303 0.0
8.38670567945 0.0
8.45727821704 0.0
8.52640164354 0.0
8.59406411501 0.0
8.66025403784 0.0
8.72496007073 0.0
8.78817112662 0.0
8.84987637463 0.0
8.91006524188 0.0
8.96872741533 0.0
9.0258528435 0.0
9.08143173825 0.0
9.13545457643 0.0
9.18791210149 0.0
9.23879532511 0.0
9.28809552872 0.0
9.33580426497 0.0
9.38191335922 0.0
9.42641491092 0.0
9.46930129495 0.0
9.51056516295 0.0
9.55019944457 0.0
9.58819734868 0.0
9.62455236454 0.0
9.65925826289 0.0
9.69230909707 0.0
9.72369920398 0.0
9.75342320509 0.0
9.78147600734 0.0
9.80785280403 0.0
9.83254907564 0.0
9.85556059058 0.0
9.87688340595 0.0
9.8965138682 0.0
9.91444861374 0.0
9.93068456955 0.0
9.94521895368 0.0
9.95804927575 0.0
9.96917333733 0.0
9.97858923239 0.0
9.98629534755 0.0
9.99229036241 0.0
9.99657324976 0.0
9.99914327574 0.0
10.0 0.0
9.99914327574 0.0
9.99657324976 0.0
9.99229036241 0.0
9.98629534755 0.0
9.97858923239 0.0
9.96917333733 0.0
9.95804927575 0.0
9.94521895368 0.0
9.93068456955 0.0
9.91444861374 0.0
9.8965138682 0.0
9.87688340595 0.0
9.85556059058 0.0
9.83254907564 0.0
9.80785280403 0.0
9.78147600734 0.0
9.75342320509 0.0
9.72369920398 0.0
9.69230909707 0.0
9.65925826289 0.0
9.62455236454 0.0
9.58819734868 0.0
9.55019944457 0.0
9.51056516295 0.0
9.46930129495 0.0
9.42641491092 0.0
9.38191335922 0.0
9.33580426497 0.0
9.28809552872 0.0
9.23879532511 0.0
9.18791210149 0.0
9.13545457643 0.0
9.08143173825 0.0
9.0258528435 0.0
8.96872741533 0.0
8.91006524188 0.0
8.84987637463 0.0
8.78817112662 0.0
8.72496007073 0.0
8.66025403784 0.0
8.59406411501 0.0
8.52640164354 0.0
8.45727821704 0.0
8.38670567945 0.0
8.31469612303 0.0
8.24126188622 0.0
8.16641555162 0.0
8.09016994375 0.0
8.01253812691 0.0
7.93353340291 0.0
7.85316930881 0.0
7.77145961457 0.0
7.68841832073 0.0
7.604059656 0.0
7.51839807479 0.0
7.43144825477 0.0
7.34322509436 0.0
7.25374371012 0.0
7.16301943425 0.0
7.07106781187 0.0
6.97790459842 0.0
6.88354575694 0.0
6.78800745533 0.0
6.69130606359 0.0
6.593458151 0.0
6.4944804833 0.0
6.39439001981 0.0
6.2932039105 0.0
6.1909394931 0.0
6.08761429009 0.0
5.98324600571 0.0
5.87785252292 0.0
5.77145190037 0.0
5.66406236925 0.0
5.5557023302 0.0
5.44639035015 0.0
5.33614515916 0.0
5.22498564716 0.0
5.11293086077 0.0
5.0 0.0
4.88621241497 0.0
4.7715876026 0.0
4.65614520325 0.0
4.5399049974 0.0
4.42288690219 0.0
4.30511096808 0.0
4.18659737537 0.0
4.06736643076 0.0
3.94743856384 0.0
3.82683432365 0.0
3.7055743751 0.0
3.58367949545 0.0
3.46117057077 0.0
3.33806859234 0.0
3.21439465303 0.0
3.09016994375 0.0
2.96541574976 0.0
2.84015344704 0.0
2.71440449865 0.0
2.58819045103 0.0
2.46153293029 0.0
2.33445363856 0.0
2.20697435021 0.0
2.07911690818 0.0
1.95090322016 0.0
1.82235525492 0.0
1.69349503849 0.0
1.5643446504 0.0
1.43492621991 0.0
1.3052619222 0.0
1.17537397458 0.0
1.04528463268 0.0
0.915016186634 0.0
0.784590957278 0.0
0.654031292301 0.0
0.523359562429 0.0
0.392598157591 0.0
0.261769483079 0.0
0.130895955713 0.0
1.10218211923e-14 0.0
-0.130895955713 0.0
-0.261769483079 0.0
-0.392598157591 0.0
-0.523359562429 0.0
-0.654031292301 0.0
-0.784590957278 0.0
-0.915016186634 0.0
-1.04528463268 0.0
-1.17537397458 0.0
-1.3052619222 0.0
-1.43492621991 0.0
-1.5643446504 0.0
-1.69349503849 0.0
-1.82235525492 0.0
-1.95090322016 0.0
-2.07911690818 0.0
-2.20697435022 0.0
-2.33445363856 0.0
-2.46153293029 0.0
-2.58819045103 0.0
-2.71440449865 0.0
-2.84015344704 0.0
-2.96541574976 0.0
-3.09016994375 0.0
-3.21439465303 0.0
-3.33806859234 0.0
-3.46117057077 0.0
-3.58367949545 0.0
-3.7055743751 0.0
-3.82683432365 0.0
-3.94743856384 0.0
-4.06736643076 0.0
-4.18659737537 0.0
-4.30511096808 0.0
-4.42288690219 0.0
-4.5399049974 0.0
-4.65614520325 0.0
-4.7715876026 0.0
-4.88621241497 0.0
-5.0 0.0
-5.11293086077 0.0
-5.22498564716 0.0
-5.33614515916 0.0
-5.44639035015 0.0
-5.5557023302 0.0
-5.66406236925 0.0
-5.77145190037 0.0
-5.87785252292 0.0
-5.98324600571 0.0
-6.08761429009 0.0
-6.1909394931 0.0
-6.2932039105 0.0
-6.39439001981 0.0
-6.4944804833 0.0
-6.593458151 0.0
-6.69130606359 0.0
-6.78800745533 0.0
-6.88354575694 0.0
-6.97790459842 0.0
-7.07106781187 0.0
-7.16301943425 0.0
-7.25374371012 0.0
-7.34322509436 0.0
-7.43144825477 0.0
-7.51839807479 0.0
-7.604059656 0.0
-7.68841832073 0.0
-7.77145961457 0.0
-7.85316930881 0.0
-7.93353340291 0.0
-8.01253812691 0.0
-8.09016994375 0.0
-8.16641555162 0.0
-8.24126188622 0.0
-8.31469612303 0.0
-8.38670567945 0.0
-8.45727821704 0.0
-8.52640164354 0.0
-8.59406411501 0.0
-8.66025403784 0.0
-8.72496007073 0.0
-8.78817112662 0.0
-8.84987637463 0.0
-8.91006524188 0.0
-8.96872741533 0.0
-9.0258528435 0.0
-9.08143173825 0.0
-9.13545457643 0.0
-9.18791210149 0.0
-9.23879532511 0.0
-9.28809552872 0.0
-9.33580426497 0.0
-9.38191335922 0.0
-9.42641491092 0.0
-9.46930129495 0.0
-9.51056516295 0.0
-9.55019944457 0.0
-9.58819734868 0.0
-9.62455236454 0.0
-9.65925826289 0.0
-9.69230909707 0.0
-9.72369920398 0.0
-9.75342320509 0.0
-9.78147600734 0.0
-9.80785280403 0.0
-9.83254907564 0.0
-9.85556059058 0.0
-9.87688340595 0.0
-9.8965138682 0.0
-9.91444861374 0.0
-9.93068456955 0.0
-9.94521895368 0.0
-9.95804927575 0.0
-9.96917333733 0.0
-9.97858923239 0.0
-9.98629534755 0.0
-9.99229036241 0.0
-9.99657324976 0.0
-9.99914327574 0.0
-10.0 0.0
-9.99914327574 0.0
-9.99657324976 0.0
-9.99229036241 0.0
-9.98629534755 0.0
-9.97858923239 0.0
-9.96917333733 0.0
-9.95804927575 0.0
-9.94521895368 0.0
-9.93068456955 0.0
-9.91444861374 0.0
-9.8965138682 0.0
-9.87688340595 0.0
-9.85556059058 0.0
-9.83254907564 0.0
-9.80785280403 0.0
-9.78147600734 0.0
-9.75342320509 0.0
-9.72369920398 0.0
-9.69230909707 0.0
-9.65925826289 0.0
-9.62455236454 0.0
-9.58819734868 0.0
-9.55019944457 0.0
-9.51056516295 0.0
-9.46930129495 0.0
-9.42641491092 0.0
-9.38191335922 0.0
-9.33580426497 0.0
-9.28809552872 0.0
-9.23879532511 0.0
-9.18791210149 0.0
-9.13545457643 0.0
-9.08143173825 0.0
-9.0258528435 0.0
-8.96872741533 0.0
-8.91006524188 0.0
-8.84987637463 0.0
-8.78817112662 0.0
-8.72496007073 0.0
-8.66025403784 0.0
-8.59406411501 0.0
-8.52640164354 0.0
-8.45727821704 0.0
-8.38670567945 0.0
-8.31469612303 0.0
-8.24126188622 0.0
-8.16641555162 0.0
-8.09016994375 0.0
-8.01253812691 0.0
-7.93353340291 0.0
-7.85316930881 0.0
-7.77145961457 0.0
-7.68841832073 0.0
-7.604059656 0.0
-7.51839807479 0.0
-7.43144825477 0.0
-7.34322509436 0.0
-7.25374371012 0.0
-7.16301943425 0.0
-7.07106781187 0.0
-6.97790459842 0.0
-6.88354575694 0.0
-6.78800745533 0.0
-6.69130606359 0.0
-6.593458151 0.0
-6.4944804833 0.0
-6.39439001981 0.0
-6.2932039105 0.0
-6.1909394931 0.0
-6.08761429009 0.0
-5.98324600571 0.0
-5.87785252292 0.0
-5.77145190037 0.0
-5.66406236925 0.0
-5.5557023302 0.0
-5.44639035015 0.0
-5.33614515916 0.0
-5.22498564716 0.0
-5.11293086077 0.0
-5.0 0.0
-4.88621241497 0.0
-4.7715876026 0.0
-4.65614520325 0.0
-4.5399049974 0.0
-4.42288690219 0.0
-4.30511096808 0.0
-4.18659737537 0.0
-4.06736643076 0.0
-3.94743856384 0.0
-3.82683432365 0.0
-3.7055743751 0.0
-3.58367949545 0.0
-3.46117057077 0.0
-3.33806859234 0.0
-3.21439465303 0.0
-3.09016994375 0.0
-2.96541574976 0.0
-2.84015344704 0.0
-2.71440449865 0.0
-2.58819045103 0.0
-2.46153293029 0.0
-2.33445363856 0.0
-2.20697435022 0.0
-2.07911690818 0.0
-1.95090322016 0.0
-1.82235525492 0.0
-1.69349503849 0.0
-1.5643446504 0.0
-1.43492621991 0.0
-1.3052619222 0.0
-1.17537397458 0.0
-1.04528463268 0.0
-0.915016186634 0.0
-0.784590957278 0.0
-0.654031292301 0.0
-0.523359562429 0.0
-0.392598157591 0.0
-0.261769483079 0.0
-0.130895955713 0.0
2.32806687965e-14 0.0
0.130895955713 0.0
0.261769483079 0.0
0.392598157591 0.0
0.523359562429 0.0
0.654031292301 0.0
0.784590957278 0.0
0.915016186634 0.0
1.04528463268 0.0
1.17537397458 0.0
1.3052619222 0.0
1.43492621991 0.0
1.5643446504 0.0
1.69349503849 0.0
1.82235525492 0.0
1.95090322016 0.0
2.07911690818 0.0
2.20697435021 0.0
2.33445363856 0.0
2.46153293029 0.0
2.58819045103 0.0
2.71440449865 0.0
2.84015344704 0.0
2.96541574976 0.0
3.09016994375 0.0
3.21439465303 0.0
3.33806859234 0.0
3.46117057077 0.0
3.58367949545 0.0
3.7055743751 0.0
3.82683432365 0.0
3.94743856384 0.0
4.06736643076 0.0
4.18659737537 0.0
4.30511096808 0.0
4.42288690219 0.0
4.5399049974 0.0
4.65614520325 0.0
4.7715876026 0.0
4.88621241497 0.0
5.0 0.0
5.11293086077 0.0
5.22498564716 0.0
5.33614515916 0.0
5.44639035015 0.0
5.5557023302 0.0
5.66406236925 0.0
5.77145190037 0.0
5.87785252292 0.0
5.98324600571 0.0
6.08761429009 0.0
6.1909394931 0.0
6.2932039105 0.0
6.39439001981 0.0
6.4944804833 0.0
6.593458151 0.0
6.69130606359 0.0
6.78800745533 0.0
6.88354575694 0.0
6.97790459842 0.0
7.07106781187 0.0
7.16301943425 0.0
7.25374371012 0.0
7.34322509436 0.0
7.43144825477 0.0
7.51839807479 0.0
7.604059656 0.0
7.68841832073 0.0
7.77145961457 0.0
7.85316930881 0.0
7.93353340291 0.0
8.01253812691 0.0
8.09016994375 0.0
8.16641555162 0.0
8.24126188622 0.0
8.31469612303 0.0
8.38670567945 0.0
8.45727821704 0.0
8.52640164354 0.0
8.59406411501 0.0
8.66025403784 0.0
8.72496007073 0.0
8.78817112662 0.0
8.84987637463 0.0
8.91006524188 0.0
8.96872741533 0.0
9.0258528435 0.0
9.08143173825 0.0
9.13545457643 0.0
9.18791210149 0.0
9.23879532511 0.0
9.28809552872 0.0
9.33580426497 0.0
9.38191335922 0.0
9.42641491092 0.0
9.46930129495 0.0
9.51056516295 0.0
9.55019944457 0.0
9.58819734868 0.0
9.62455236454 0.0
9.65925826289 0.0
9.69230909707 0.0
9.72369920398 0.0
9.75342320509 0.0
9.78147600734 0.0
9.80785280403 0.0
9.83254907564 0.0
9.85556059058 0.0
9.87688340595 0.0
9.8965138682 0.0
9.91444861374 0.0
9.93068456955 0.0
9.94521895368 0.0
9.95804927575 0.0
9.96917333733 0.0
9.97858923239 0.0
9.98629534755 0.0
9.99229036241 0.0
9.99657324976 0.0
9.99914327574 0.0
10.0 0.0
9.99914327574 0.0
9.99657324976 0.0
9.99229036241 0.0
9.98629534755 0.0
9.97858923239 0.0
9.96917333733 0.0
9.95804927575 0.0
9.94521895368 0.0
9.93068456955 0.0
9.91444861374 0.0
9.8965138682 0.0
9.87688340595 0.0
9.85556059058 0.0
9.83254907564 0.0
9.80785280403 0.0
9.78147600734 0.0
9.75342320509 0.0
9.72369920398 0.0
9.69230909707 0.0
9.65925826289 0.0
9.62455236454 0.0
9.58819734868 0.0
9.55019944457 0.0
9.51056516295 0.0
9.46930129495 0.0
9.42641491092 0.0
9.38191335922 0.0
9.33580426497 0.0
9.28809552872 0.0
9.23879532511 0.0
9.18791210149 0.0
9.13545457643 0.0
9.08143173825 0.0
9.0258528435 0.0
8.96872741533 0.0
8.91006524188 0.0
8.84987637463 0.0
8.78817112662 0.0
8.72496007073 0.0
8.66025403784 0.0
8.59406411501 0.0
8.52640164354 0.0
8.45727821704 0.0
8.38670567945 0.0
8.31469612303 0.0
8.24126188622 0.0
8.16641555162 0.0
8.09016994375 0.0
8.01253812691 0.0
7.93353340291 0.0
7.85316930881 0.0
7.77145961457 0.0
7.68841832073 0.0
7.604059656 0.0
7.51839807479 0.0
7.43144825477 0.0
7.34322509436 0.0
7.25374371012 0.0
7.16301943425 0.0
7.07106781187 0.0
6.97790459842 0.0
6.88354575694 0.0
6.78800745533 0.0
6.69130606359 0.0
6.593458151 0.0
6.4944804833 0.0
6.39439001981 0.0
6.2932039105 0.0
6.1909394931 0.0
6.08761429009 0.0
5.98324600571 0.0
5.87785252292 0.0
5.77145190037 0.0
5.66406236925 0.0
5.5557023302 0.0
5.44639035015 0.0
5.33614515916 0.0
5.22498564716 0.0
5.11293086077 0.0
5.0 0.0
4.88621241497 0.0
4.7715876026 0.0
4.65614520325 0.0
4.5399049974 0.0
4.42288690219 0.0
4.30511096808 0.0
4.18659737537 0.0
4.06736643076 0.0
3.94743856384 0.0
3.82683432365 0.0
3.7055743751 0.0
3.58367949545 0.0
3.46117057077 0.0
3.33806859234 0.0
3.21439465303 0.0
3.09016994375 0.0
2.96541574976 0.0
2.84015344704 0.0
2.71440449865 0.0
2.58819045103 0.0
2.46153293029 0.0
2.33445363856 0.0
2.20697435022 0.0
2.07911690818 0.0
1.95090322016 0.0
1.82235525492 0.0
1.69349503849 0.0
1.5643446504 0.0
1.43492621991 0.0
1.3052619222 0.0
1.17537397458 0.0
1.04528463268 0.0
0.915016186634 0.0
0.784590957278 0.0
0.654031292301 0.0
0.523359562429 0.0
0.392598157591 0.0
0.261769483079 0.0
0.130895955713 0.0
-2.20560219974e-14 0.0
-0.130895955713 0.0
-0.261769483079 0.0
-0.392598157591 0.0
-0.523359562429 0.0
-0.654031292301 0.0
-0.784590957278 0.0
-0.915016186634 0.0
-1.04528463268 0.0
-1.17537397458 0.0
-1.3052619222 0.0
-1.43492621991 0.0
-1.5643446504 0.0
-1.69349503849 0.0
-1.82235525492 0.0
-1.95090322016 0.0
-2.07911690818 0.0
-2.20697435022 0.0
-2.33445363856 0.0
-2.46153293029 0.0
-2.58819045103 0.0
-2.71440449865 0.0
-2.84015344704 0.0
-2.96541574976 0.0
-3.09016994375 0.0
-3.21439465303 0.0
-3.33806859234 0.0
-3.46117057077 0.0
-3.58367949545 0.0
-3.7055743751 0.0
-3.82683432365 0.0
-3.94743856384 0.0
-4.06736643076 0.0
-4.18659737537 0.0
-4.30511096808 0.0
-4.42288690219 0.0
-4.5399049974 0.0
-4.65614520325 0.0
-4.7715876026 0.0
-4.88621241497 0.0
-5.0 0.0
-5.11293086077 0.0
-5.22498564716 0.0
-5.33614515916 0.0
-5.44639035015 0.0
-5.5557023302 0.0
-5.66406236925 0.0
-5.77145190037 0.0
-5.87785252292 0.0
-5.98324600571 0.0
-6.08761429009 0.0
-6.1909394931 0.0
-6.2932039105 0.0
-6.39439001981 0.0
-6.4944804833 0.0
-6.593458151 0.0
-6.69130606359 0.0
-6.78800745533 0.0
-6.88354575694 0.0
-6.97790459842 0.0
-7.07106781187 0.0
-7.16301943425 0.0
-7.25374371012 0.0
-7.34322509436 0.0
-7.43144825477 0.0
-7.51839807479 0.0
-7.604059656 0.0
-7.68841832073 0.0
-7.77145961457 0.0
-7.85316930881 0.0
-7.93353340291 0.0
-8.01253812691 0.0
-8.09016994375 0.0
-8.16641555162 0.0
-8.24126188622 0.0
-8.31469612303 0.0
-8.38670567945 0.0
-8.45727821704 0.0
-8.52640164354 0.0
-8.59406411501 0.0
-8.66025403784 0.0
-8.72496007073 0.0
-8.78817112662 0.0
-8.84987637463 0.0
-8.91006524188 0.0
-8.96872741533 0.0
-9.0258528435 0.0
-9.08143173825 0.0
-9.13545457643 0.0
-9.18791210149 0.0
-9.23879532511 0.0
-9.28809552872 0.0
-9.33580426497 0.0
-9.38191335922 0.0
-9.42641491092 0.0
-9.46930129495 0.0
-9.51056516295 0.0
-9.55019944457 0.0
-9.58819734868 0.0
-9.62455236454 0.0
-9.65925826289 0.0
-9.69230909707 0.0
-9.72369920398 0.0
-9.75342320509 0.0
-9.78147600734 0.0
-9.80785280403 0.0
-9.83254907564 0.0
-9.85556059058 0.0
-9.87688340595 0.0
-9.8965138682 0.0
-9.91444861374 0.0
-9.93068456955 0.0
-9.94521895368 0.0
-9.95804927575 0.0
-9.96917333733 0.0
-9.97858923239 0.0
-9.98629534755 0.0
-9.99229036241 0.0
-9.99657324976 0.0
-9.99914327574 0.0
-10.0 0.0
-9.99914327574 0.0
-9.99657324976 0.0
-9.99229036241 0.0
-9.98629534755 0.0
-9.97858923239 0.0
-9.96917333733 0.0
-9.95804927575 0.0
-9.94521895368 0.0
-9.93068456955 0.0
-9.91444861374 0.0
-9.8965138682 0.0
-9.87688340595 0.0
-9.85556059058 0.0
-9.83254907564 0.0
-9.80785280403 0.0
-9.78147600734 0.0
-9.75342320509 0.0
-9.72369920398 0.0
-9.69230909707 0.0
-9.65925826289 0.0
-9.62455236454 0.0
-9.58819734868 0.0
-9.55019944457 0.0
-9.51056516295 0.0
-9.46930129495 0.0
-9.42641491092 0.0
-9.38191335922 0.0
-9.33580426497 0.0
-9.28809552872 0.0
-9.23879532511 0.0
-9.18791210149 0.0
-9.13545457643 0.0
-9.08143173825 0.0
-9.0258528435 0.0
-8.96872741533 0.0
-8.91006524188 0.0
-8.84987637463 0.0
-8.78817112662 0.0
-8.72496007073 0.0
-8.66025403784 0.0
-8.59406411501 0.0
-8.52640164354 0.0
-8.45727821704 0.0
-8.38670567945 0.0
-8.31469612303 0.0
-8.24126188622 0.0
-8.16641555162 0.0
-8.09016994375 0.0
-8.01253812691 0.0
-7.93353340291 0.0
-7.85316930881 0.0
-7.77145961457 0.0
-7.68841832073 0.0
-7.604059656 0.0
-7.51839807479 0.0
-7.43144825477 0.0
-7.34322509436 0.0
-7.25374371012 0.0
-7.16301943425 0.0
-7.07106781187 0.0
-6.97790459842 0.0
-6.88354575694 0.0
-6.78800745533 0.0
-6.69130606359 0.0
-6.593458151 0.0
-6.4944804833 0.0
-6.39439001981 0.0
-6.2932039105 0.0
-6.1909394931 0.0
-6.08761429009 0.0
-5.98324600571 0.0
-5.87785252292 0.0
-5.77145190037 0.0
-5.66406236925 0.0
-5.5557023302 0.0
-5.44639035015 0.0
-5.33614515916 0.0
-5.22498564716 0.0
-5.11293086077 0.0
-5.0 0.0
-4.88621241497 0.0
-4.7715876026 0.0
-4.65614520325 0.0
-4.5399049974 0.0
-4.42288690219 0.0
-4.30511096808 0.0
-4.18659737537 0.0
-4.06736643076 0.0
-3.94743856384 0.0
-3.82683432365 0.0
-3.7055743751 0.0
-3.58367949545 0.0
-3.46117057077 0.0
-3.33806859234 0.0
-3.21439465303 0.0
-3.09016994375 0.0
-2.96541574976 0.0
-2.84015344704 0.0
-2.71440449865 0.0
-2.58819045103 0.0
-2.46153293029 0.0
-2.33445363856 0.0
-2.20697435021 0.0
-2.07911690818 0.0
-1.95090322016 0.0
-1.82235525492 0.0
-1.69349503849 0.0
-1.5643446504 0.0
-1.43492621991 0.0
-1.3052619222 0.0
-1.17537397458 0.0
-1.04528463268 0.0
-0.915016186634 0.0
-0.784590957278 0.0
-0.654031292301 0.0
-0.523359562429 0.0
-0.392598157591 0.0
-0.261769483079 0.0
-0.130895955713 0.0
-1.46957615898e-14 0.0
0.130895955713 0.0
0.261769483079 0.0
0.392598157591 0.0
0.523359562429 0.0
0.654031292301 0.0
0.784590957278 0.0
0.915016186634 0.0
1.04528463268 0.0
1.17537397458 0.0
1.3052619222 0.0
1.43492621991 0.0
1.5643446504 0.0
1.69349503849 0.0
1.82235525492 0.0
1.95090322016 0.0
2.07911690818 0.0
2.20697435022 0.0
2.33445363856 0.0
2.46153293029 0.0
2.58819045103 0.0
2.71440449865 0.0
2.84015344704 0.0
2.96541574976 0.0
3.09016994375 0.0
3.21439465303 0.0
3.33806859234 0.0
3.46117057077 0.0
3.58367949545 0.0
3.7055743751 0.0
3.82683432365 0.0
3.94743856384 0.0
4.06736643076 0.0
4.18659737537 0.0
4.30511096808 0.0
4.42288690219 0.0
4.5399049974 0.0
4.65614520325 0.0
4.7715876026 0.0
4.88621241497 0.0
5.0 0.0
5.11293086077 0.0
5.22498564716 0.0
5.33614515916 0.0
5.44639035015 0.0
5.5557023302 0.0
5.66406236925 0.0
5.77145190037 0.0
5.87785252292 0.0
5.98324600571 0.0
6.08761429009 0.0
6.1909394931 0.0
6.2932039105 0.0
6.39439001981 0.0
6.4944804833 0.0
6.593458151 0.0
6.69130606359 0.0
6.78800745533 0.0
6.88354575694 0.0
6.97790459842 0.0
7.07106781187 0.0
7.16301943425 0.0
7.25374371012 0.0
7.34322509436 0.0
7.43144825477 0.0
7.51839807479 0.0
7.604059656 0.0
7.68841832073 0.0
7.77145961457 0.0
7.85316930881 0.0
7.93353340291 0.0
8.01253812691 0.0
8.09016994375 0.0
8.16641555162 0.0
8.24126188622 0.0
8.31469612303 0.0
8.38670567945 0.0
8.45727821704 0.0
8.52640164354 0.0
8.59406411501 0.0
8.66025403784 0.0
8.72496007073 0.0
8.78817112662 0.0
8.84987637463 0.0
8.91006524188 0.0
8.96872741533 0.0
9.0258528435 0.0
9.08143173825 0.0
9.13545457643 0.0
9.18791210149 0.0
9.23879532511 0.0
9.28809552872 0.0
9.33580426497 0.0
9.38191335922 0.0
9.42641491092 0.0
9.46930129495 0.0
9.51056516295 0.0
9.55019944457 0.0
9.58819734868 0.0
9.62455236454 0.0
9.65925826289 0.0
9.69230909707 0.0
9.72369920398 0.0
9.75342320509 0.0
9.78147600734 0.0
9.80785280403 0.0
9.83254907564 0.0
9.85556059058 0.0
9.87688340595 0.0
9.8965138682 0.0
9.91444861374 0.0
9.93068456955 0.0
9.94521895368 0.0
9.95804927575 0.0
9.96917333733 0.0
9.97858923239 0.0
9.98629534755 0.0
9.99229036241 0.0
9.99657324976 0.0
9.99914327574 0.0
10.0 0.0
9.99914327574 0.0
9.99657324976 0.0
9.99229036241 0.0
9.98629534755 0.0
9.97858923239 0.0
9.96917333733 0.0
9.95804927575 0.0
9.94521895368 0.0
9.93068456955 0.0
9.91444861374 0.0
9.8965138682 0.0
9.87688340595 0.0
9.85556059058 0.0
9.83254907564 0.0
9.80785280403 0.0
9.78147600734 0.0
9.75342320509 0.0
9.72369920398 0.0
9.69230909707 0.0
9.65925826289 0.0
9.62455236454 0.0
9.58819734868 0.0
9.55019944457 0.0
9.51056516295 0.0
9.46930129495 0.0
9.42641491092 0.0
9.38191335922 0.0
9.33580426497 0.0
9.28809552872 0.0
9.23879532511 0.0
9.18791210149 0.0
9.13545457643 0.0
9.08143173825 0.0
9.0258528435 0.0
8.96872741533 0.0
8.91006524188 0.0
8.84987637463 0.0
8.78817112662 0.0
8.72496007073 0.0
8.66025403784 0.0
8.59406411501 0.0
8.52640164354 0.0
8.45727821704 0.0
8.38670567945 0.0
8.31469612303 0.0
8.24126188622 0.0
8.16641555162 0.0
8.09016994375 0.0
8.01253812691 0.0
7.93353340291 0.0
7.85316930881 0.0
7.77145961457 0.0
7.68841832073 0.0
7.604059656 0.0
7.51839807479 0.0
7.43144825477 0.0
7.34322509436 0.0
7.25374371012 0.0
7.16301943425 0.0
7.07106781187 0.0
6.97790459842 0.0
6.88354575694 0.0
6.78800745533 0.0
6.69130606359 0.0
6.593458151 0.0
6.4944804833 0.0
6.39439001981 0.0
6.2932039105 0.0
6.1909394931 0.0
6.08761429009 0.0
5.98324600571 0.0
5.87785252292 0.0
5.77145190037 0.0
5.66406236925 0.0
5.5557023302 0.0
5.44639035015 0.0
5.33614515916 0.0
5.22498564716 0.0
5.11293086077 0.0
5.0 0.0
4.88621241497 0.0
4.7715876026 0.0
4.65614520325 0.0
4.5399049974 0.0
4.42288690219 0.0
4.30511096808 0.0
4.18659737537 0.0
4.06736643076 0.0
3.94743856384 0.0
3.82683432365 0.0
3.7055743751 0.0
3.58367949545 0.0
3.46117057077 0.0
3.33806859234 0.0
3.21439465303 0.0
3.09016994375 0.0
2.96541574976 0.0
2.84015344704 0.0
2.71440449865 0.0
2.58819045103 0.0
2.46153293029 0.0
2.33445363856 0.0
2.20697435022 0.0
2.07911690818 0.0
1.95090322016 0.0
1.82235525492 0.0
1.69349503849 0.0
1.5643446504 0.0
1.43492621991 0.0
1.3052619222 0.0
1.17537397458 0.0
1.04528463268 0.0
0.915016186634 0.0
0.784590957278 0.0
0.654031292301 0.0
0.523359562429 0.0
0.392598157591 0.0
0.261769483079 0.0
0.130895955713 0.0
-1.96067283991e-14 0.0
-0.130895955713 0.0
-0.261769483079 0.0
-0.392598157591 0.0
-0.523359562429 0.0
-0.654031292301 0.0
-0.784590957278 0.0
-0.915016186634 0.0
-1.04528463268 0.0
-1.17537397458 0.0
-1.3052619222 0.0
-1.43492621991 0.0
-1.5643446504 0.0
-1.69349503849 0.0
-1.82235525492 0.0
-1.95090322016 0.0
-2.07911690818 0.0
-2.20697435022 0.0
-2.33445363856 0.0
-2.46153293029 0.0
-2.58819045103 0.0
-2.71440449865 0.0
-2.84015344704 0.0
-2.96541574976 0.0
-3.09016994375 0.0
-3.21439465303 0.0
-3.33806859234 0.0
-3.46117057077 0.0
-3.58367949545 0.0
-3.7055743751 0.0
-3.82683432365 0.0
-3.94743856384 0.0
-4.06736643076 0.0
-4.18659737537 0.0
-4.30511096808 0.0
-4.42288690219 0.0
-4.5399049974 0.0
-4.65614520325 0.0
-4.7715876026 0.0
-4.88621241497 0.0
-5.0 0.0
-5.11293086077 0.0
-5.22498564716 0.0
-5.33614515916 0.0
-5.44639035015 0.0
-5.5557023302 0.0
-5.66406236925 0.0
-5.77145190037 0.0
-5.87785252292 0.0
-5.98324600571 0.0
-6.08761429009 0.0
-6.1909394931 0.0
-6.2932039105 0.0
-6.39439001981 0.0
-6.4944804833 0.0
-6.593458151 0.0
-6.69130606359 0.0
-6.78800745533 0.0
-6.88354575694 0.0
-6.97790459842 0.0
-7.07106781187 0.0
-7.16301943425 0.0
-7.25374371012 0.0
-7.34322509436 0.0
-7.43144825477 0.0
-7.51839807479 0.0
-7.604059656 0.0
-7.68841832073 0.0
-7.77145961457 0.0
-7.85316930881 0.0
-7.93353340291 0.0
-8.01253812691 0.0
-8.09016994375 0.0
-8.16641555162 0.0
-8.24126188622 0.0
-8.31469612303 0.0
-8.38670567945 0.0
-8.45727821704 0.0
-8.52640164354 0.0
-8.59406411501 0.0
-8.66025403784 0.0
-8.72496007073 0.0
-8.78817112662 0.0
-8.84987637463 0.0
-8.91006524188 0.0
-8.96872741533 0.0
-9.0258528435 0.0
-9.08143173825 0.0
-9.13545457643 0.0
-9.18791210149 0.0
-9.23879532511 0.0
-9.28809552872 0.0
-9.33580426497 0.0
-9.38191335922 0.0
-9.42641491092 0.0
-9.46930129495 0.0
-9.51056516295 0.0
-9.55019944457 0.0
-9.58819734868 0.0
-9.62455236454 0.0
-9.65925826289 0.0
-9.69230909707 0.0
-9.72369920398 0.0
-9.75342320509 0.0
-9.78147600734 0.0
-9.80785280403 0.0
-9.83254907564 0.0
-9.85556059058 0.0
-9.87688340595 0.0
-9.8965138682 0.0
-9.91444861374 0.0
-9.93068456955 0.0
-9.94521895368 0.0
-9.95804927575 0.0
-9.96917333733 0.0
-9.97858923239 0.0
-9.98629534755 0.0
-9.99229036241 0.0
-9.99657324976 0.0
-9.99914327574 0.0
-10.0 0.0
-9.99914327574 0.0
-9.99657324976 0.0
-9.99229036241 0.0
-9.98629534755 0.0
-9.97858923239 0.0
-9.96917333733 0.0
-9.95804927575 0.0
-9.94521895368 0.0
-9.93068456955 0.0
-9.91444861374 0.0
-9.8965138682 0.0
-9.87688340595 0.0
-9.85556059058 0.0
-9.83254907564 0.0
-9.80785280403 0.0
-9.78147600734 0.0
-9.75342320509 0.0
-9.72369920398 0.0
-9.69230909707 0.0
-9.65925826289 0.0
-9.62455236454 0.0
-9.58819734868 0.0
-9.55019944457 0.0
-9.51056516295 0.0
-9.46930129495 0.0
-9.42641491092 0.0
-9.38191335922 0.0
-9.33580426497 0.0
-9.28809552872 0.0
-9.23879532511 0.0
-9.18791210149 0.0
-9.13545457643 0.0
-9.08143173825 0.0
-9.0258528435 0.0
-8.96872741533 0.0
-8.91006524188 0.0
-8.84987637463 0.0
-8.78817112662 0.0
-8.72496007073 0.0
-8.66025403784 0.0
-8.59406411501 0.0
-8.52640164354 0.0
-8.45727821704 0.0
-8.38670567945 0.0
-8.31469612303 0.0
-8.24126188622 0.0
-8.16641555162 0.0
-8.09016994375 0.0
-8.01253812691 0.0
-7.93353340291 0.0
-7.85316930881 0.0
-7.77145961457 0.0
-7.68841832073 0.0
-7.604059656 0.0
-7.51839807479 0.0
-7.43144825477 0.0
-7.34322509436 0.0
-7.25374371012 0.0
-7.16301943425 0.0
-7.07106781187 0.0
-6.97790459842 0.0
-6.88354575694 0.0
-6.78800745533 0.0
-6.69130606359 0.0
-6.593458151 0.0
-6.4944804833 0.0
-6.39439001981 0.0
-6.2932039105 0.0
-6.1909394931 0.0
-6.08761429009 0.0
-5.98324600571 0.0
-5.87785252292 0.0
-5.77145190037 0.0
-5.66406236925 0.0
-5.5557023302 0.0
-5.44639035015 0.0
-5.33614515916 0.0
-5.22498564716 0.0
-5.11293086077 0.0
-5.0 0.0
-4.88621241497 0.0
-4.7715876026 0.0
-4.65614520325 0.0
-4.5399049974 0.0
-4.42288690219 0.0
-4.30511096808 0.0
-4.18659737537 0.0
-4.06736643076 0.0
-3.94743856384 0.0
-3.82683432365 0.0
-3.7055743751 0.0
-3.58367949545 0.0
-3.46117057077 0.0
-3.33806859234 0.0
-3.21439465303 0.0
-3.09016994375 0.0
-2.96541574976 0.0
-2.84015344704 0.0
-2.71440449865 0.0
-2.58819045103 0.0
-2.46153293029 0.0
-2.33445363856 0.0
-2.20697435021 0.0
-2.07911690818 0.0
-1.95090322016 0.0
-1.82235525492 0.0
-1.69349503849 0.0
-1.5643446504 0.0
-1.43492621991 0.0
-1.3052619222 0.0
-1.17537397458 0.0
-1.04528463268 0.0
-0.915016186634 0.0
-0.784590957278 0.0
-0.654031292301 0.0
-0.523359562429 0.0
-0.392598157591 0.0
-0.261769483079 0.0
-0.130895955713 0.0
5.39092183879e-14 0.0
0.130895955713 0.0
0.261769483079 0.0
0.392598157591 0.0
0.523359562429 0.0
0.654031292301 0.0
0.784590957278 0.0
0.915016186634 0.0
1.04528463268 0.0
1.17537397458 0.0
1.3052619222 0.0
1.43492621991 0.0
1.5643446504 0.0
1.69349503849 0.0
1.82235525492 0.0
1.95090322016 0.0
2.07911690818 0.0
2.20697435021 0.0
2.33445363856 0.0
2.46153293029 0.0
2.58819045103 0.0
2.71440449865 0.0
2.84015344704 0.0
2.96541574976 0.0
3.09016994375 0.0
3.21439465303 0.0
3.33806859234 0.0
3.46117057077 0.0
3.58367949545 0.0
3.7055743751 0.0
3.82683432365 0.0
3.94743856384 0.0
4.06736643076 0.0
4.18659737537 0.0
4.30511096808 0.0
4.42288690219 0.0
4.5399049974 0.0
4.65614520325 0.0
4.7715876026 0.0
4.88621241497 0.0
5.0 0.0
5.11293086077 0.0
5.22498564716 0.0
5.33614515916 0.0
5.44639035015 0.0
5.5557023302 0.0
5.66406236925 0.0
5.77145190037 0.0
5.87785252292 0.0
5.98324600571 0.0
6.08761429009 0.0
6.1909394931 0.0
6.2932039105 0.0
6.39439001981 0.0
6.4944804833 0.0
6.593458151 0.0
6.69130606359 0.0
6.78800745533 0.0
6.88354575694 0.0
6.97790459842 0.0
7.07106781187 0.0
7.16301943425 0.0
7.25374371012 0.0
7.34322509436 0.0
7.43144825477 0.0
7.51839807479 0.0
7.604059656 0.0
7.68841832073 0.0
7.77145961457 0.0
7.85316930881 0.0
7.93353340291 0.0
8.01253812691 0.0
8.09016994375 0.0
8.16641555162 0.0
8.24126188622 0.0
8.31469612303 0.0
8.38670567945 0.0
8.45727821704 0.0
8.52640164354 0.0
8.59406411501 0.0
8.66025403784 0.0
8.72496007073 0.0
8.78817112662 0.0
8.84987637463 0.0
8.91006524188 0.0
8.96872741533 0.0
9.0258528435 0.0
9.08143173825 0.0
9.13545457643 0.0
9.18791210149 0.0
9.23879532511 0.0
9.28809552872 0.0
9.33580426497 0.0
9.38191335922 0.0
9.42641491092 0.0
9.46930129495 0.0
9.51056516295 0.0
9.55019944457 0.0
9.58819734868 0.0
9.62455236454 0.0
9.65925826289 0.0
9.69230909707 0.0
9.72369920398 0.0
9.75342320509 0.0
9.78147600734 0.0
9.80785280403 0.0
9.83254907564 0.0
9.85556059058 0.0
9.87688340595 0.0
9.8965138682 0.0
9.91444861374 0.0
9.93068456955 0.0
9.94521895368 0.0
9.95804927575 0.0
9.96917333733 0.0
9.97858923239 0.0
9.98629534755 0.0
9.99229036241 0.0
9.99657324976 0.0
9.99914327574 0.0
10.0 0.0
9.99914327574 0.0
9.99657324976 0.0
9.99229036241 0.0
9.98629534755 0.0
9.97858923239 0.0
9.96917333733 0.0
9.95804927575 0.0
9.94521895368 0.0
9.93068456955 0.0
9.91444861374 0.0
9.8965138682 0.0
9.87688340595 0.0
9.85556059058 0.0
9.83254907564 0.0
9.80785280403 0.0
9.78147600734 0.0
9.75342320509 0.0
9.72369920398 0.0
9.69230909707 0.0
9.65925826289 0.0
9.62455236454 0.0
9.58819734868 0.0
9.55019944457 0.0
9.51056516295 0.0
9.46930129495 0.0
9.42641491092 0.0
9.38191335922 0.0
9.33580426497 0.0
9.28809552872 0.0
9.23879532511 0.0
9.18791210149 0.0
9.13545457643 0.0
9.08143173825 0.0
9.0258528435 0.0
8.96872741533 0.0
8.91006524188 0.0
8.84987637463 0.0
8.78817112662 0.0
8.72496007073 0.0
8.66025403784 0.0
8.59406411501 0.0
8.52640164354 0.0
8.45727821704 0.0
8.38670567945 0.0
8.31469612303 0.0
8.24126188622 0.0
8.16641555162 0.0
8.09016994375 0.0
8.01253812691 0.0
7.93353340291 0.0
7.85316930881 0.0
7.77145961457 0.0
7.68841832073 0.0
7.604059656 0.0
7.51839807479 0.0
7.43144825477 0.0
7.34322509436 0.0
7.25374371012 0.0
7.16301943425 0.0
7.07106781187 0.0
6.97790459842 0.0
6.88354575694 0.0
6.78800745533 0.0
6.69130606359 0.0
6.593458151 0.0
6.4944804833 0.0
6.39439001981 0.0
6.2932039105 0.0
6.1909394931 0.0
6.08761429009 0.0
5.98324600571 0.0
5.87785252292 0.0
5.77145190037 0.0
5.66406236925 0.0
5.5557023302 0.0
5.44639035015 0.0
5.33614515916 0.0
5.22498564716 0.0
5.11293086077 0.0
5.0 0.0
4.88621241497 0.0
4.7715876026 0.0
4.65614520325 0.0
4.5399049974 0.0
4.42288690219 0.0
4.30511096808 0.0
4.18659737537 0.0
4.06736643076 0.0
3.94743856384 0.0
3.82683432365 0.0
3.7055743751 0.0
3.58367949545 0.0
3.46117057077 0.0
3.33806859234 0.0
3.21439465303 0.0
3.09016994375 0.0
2.96541574976 0.0
2.84015344704 0.0
2.71440449865 0.0
2.58819045103 0.0
2.46153293029 0.0
2.33445363856 0.0
2.20697435022 0.0
2.07911690818 0.0
1.95090322016 0.0
1.82235525492 0.0
1.69349503849 0.0
1.5643446504 0.0
1.43492621991 0.0
1.3052619222 0.0
1.17537397458 0.0
1.04528463268 0.0
0.915016186634 0.0
0.784590957278 0.0
0.654031292301 0.0
0.523359562429 0.0
0.392598157591 0.0
0.261769483079 0.0
0.130895955713 0.0
-1.71574348008e-14 0.0
-0.130895955713 0.0
-0.261769483079 0.0
-0.392598157591 0.0
-0.523359562429 0.0
-0.654031292301 0.0
-0.784590957278 0.0
-0.915016186634 0.0
-1.04528463268 0.0
-1.17537397458 0.0
-1.3052619222 0.0
-1.43492621991 0.0
-1.5643446504 0.0
-1.69349503849 0.0
-1.82235525492 0.0
-1.95090322016 0.0
-2.07911690818 0.0
-2.20697435021 0.0
-2.33445363856 0.0
-2.46153293029 0.0
-2.58819045103 0.0
-2.71440449865 0.0
-2.84015344704 0.0
-2.96541574976 0.0
-3.09016994375 0.0
-3.21439465303 0.0
-3.33806859234 0.0
-3.46117057077 0.0
-3.58367949545 0.0
-3.7055743751 0.0
-3.82683432365 0.0
-3.94743856384 0.0
-4.06736643076 0.0
-4.18659737537 0.0
-4.30511096808 0.0
-4.42288690219 0.0
-4.5399049974 0.0
-4.65614520325 0.0
-4.7715876026 0.0
-4.88621241497 0.0
-5.0 0.0
-5.11293086077 0.0
-5.22498564716 0.0
-5.33614515916 0.0
-5.44639035015 0.0
-5.5557023302 0.0
-5.66406236925 0.0
-5.77145190037 0.0
-5.87785252292 0.0
-5.98324600571 0.0
-6.08761429009 0.0
-6.1909394931 0.0
-6.2932039105 0.0
-6.39439001981 0.0
-6.4944804833 0.0
-6.593458151 0.0
-6.69130606359 0.0
-6.78800745533 0.0
-6.88354575694 0.0
-6.97790459842 0.0
-7.07106781187 0.0
-7.16301943425 0.0
-7.25374371012 0.0
-7.34322509436 0.0
-7.43144825477 0.0
-7.51839807479 0.0
-7.604059656 0.0
-7.68841832073 0.0
-7.77145961457 0.0
-7.85316930881 0.0
-7.93353340291 0.0
-8.01253812691 0.0
-8.09016994375 0.0
-8.16641555162 0.0
-8.24126188622 0.0
-8.31469612303 0.0
-8.38670567945 0.0
-8.45727821704 0.0
-8.52640164354 0.0
-8.59406411501 0.0
-8.66025403784 0.0
-8.72496007073 0.0
-8.78817112662 0.0
-8.84987637463 0.0
-8.91006524188 0.0
-8.96872741533 0.0
-9.0258528435 0.0
-9.08143173825 0.0
-9.13545457643 0.0
-9.18791210149 0.0
-9.23879532511 0.0
-9.28809552872 0.0
-9.33580426497 0.0
-9.38191335922 0.0
-9.42641491092 0.0
-9.46930129495 0.0
-9.51056516295 0.0
-9.55019944457 0.0
-9.58819734868 0.0
-9.62455236454 0.0
-9.65925826289 0.0
-9.69230909707 0.0
-9.72369920398 0.0
-9.75342320509 0.0
-9.78147600734 0.0
-9.80785280403 0.0
-9.83254907564 0.0
-9.85556059058 0.0
-9.87688340595 0.0
-9.8965138682 0.0
-9.91444861374 0.0
-9.93068456955 0.0
-9.94521895368 0.0
-9.95804927575 0.0
-9.96917333733 0.0
-9.97858923239 0.0
-9.98629534755 0.0
-9.99229036241 0.0
-9.99657324976 0.0
-9.99914327574 0.0
-10.0 0.0
-9.99914327574 0.0
-9.99657324976 0.0
-9.99229036241 0.0
-9.98629534755 0.0
-9.97858923239 0.0
-9.96917333733 0.0
-9.95804927575 0.0
-9.94521895368 0.0
-9.93068456955 0.0
-9.91444861374 0.0
-9.8965138682 0.0
-9.87688340595 0.0
-9.85556059058 0.0
-9.83254907564 0.0
-9.80785280403 0.0
-9.78147600734 0.0
-9.75342320509 0.0
-9.72369920398 0.0
-9.69230909707 0.0
-9.65925826289 0.0
-9.62455236454 0.0
-9.58819734868 0.0
-9.55019944457 0.0
-9.51056516295 0.0
-9.46930129495 0.0
-9.42641491092 0.0
-9.38191335922 0.0
-9.33580426497 0.0
-9.28809552872 0.0
-9.23879532511 0.0
-9.18791210149 0.0
-9.13545457643 0.0
-9.08143173825 0.0
-9.0258528435 0.0
-8.96872741533 0.0
-8.91006524188 0.0
-8.84987637463 0.0
-8.78817112662 0.0
-8.72496007073 0.0
-8.66025403784 0.0
-8.59406411501 0.0
-8.52640164354 0.0
-8.45727821704 0.0
-8.38670567945 0.0
-8.31469612303 0.0
-8.24126188622 0.0
-8.16641555162 0.0
-8.09016994375 0.0
-8.01253812691 0.0
-7.93353340291 0.0
-7.85316930881 0.0
-7.77145961457 0.0
-7.68841832073 0.0
-7.604059656 0.0
-7.51839807479 0.0
-7.43144825477 0.0
-7.34322509436 0.0
-7.25374371012 0.0
-7.16301943425 0.0
-7.07106781187 0.0
-6.97790459842 0.0
-6.88354575694 0.0
-6.78800745533 0.0
-6.69130606359 0.0
-6.593458151 0.0
-6.4944804833 0.0
-6.39439001981 0.0
-6.2932039105 0.0
-6.1909394931 0.0
-6.08761429009 0.0
-5.98324600571 0.0
-5.87785252292 0.0
-5.77145190037 0.0
-5.66406236925 0.0
-5.5557023302 0.0
-5.44639035015 0.0
-5.33614515916 0.0
-5.22498564716 0.0
-5.11293086077 0.0
-5.0 0.0
-4.88621241497 0.0
-4.7715876026 0.0
-4.65614520325 0.0
-4.5399049974 0.0
-4.42288690219 0.0
-4.30511096808 0.0
-4.18659737537 0.0
-4.06736643076 0.0
-3.94743856384 0.0
-3.82683432365 0.0
-3.7055743751 0.0
-3.58367949545 0.0
-3.46117057077 0.0
-3.33806859234 0.0
-3.21439465303 0.0
-3.09016994375 0.0
-2.96541574976 0.0
-2.84015344704 0.0
-2.71440449865 0.0
-2.58819045103 0.0
-2.46153293029 0.0
-2.33445363856 0.0
-2.20697435021 0.0
-2.07911690818 0.0
-1.95090322016 0.0
-1.82235525492 0.0
-1.69349503849 0.0
-1.5643446504 0.0
-1.43492621991 0.0
-1.3052619222 0.0
-1.17537397458 0.0
-1.04528463268 0.0
-0.915016186634 0.0
-0.784590957278 0.0
-0.654031292301 0.0
-0.523359562429 0.0
-0.392598157591 0.0
-0.261769483079 0.0
-0.130895955713 0.0
-1.95943487864e-14 0.0
0.130895955713 0.0
0.261769483079 0.0
0.392598157591 0.0
0.523359562429 0.0
0.654031292301 0.0
0.784590957278 0.0
0.915016186634 0.0
1.04528463268 0.0
1.17537397458 0.0
1.3052619222 0.0
1.43492621991 0.0
1.5643446504 0.0
1.69349503849 0.0
1.82235525492 0.0
1.95090322016 0.0
2.07911690818 0.0
2.20697435022 0.0
2.33445363856 0.0
2.46153293029 0.0
2.58819045103 0.0
2.71440449865 0.0
2.84015344704 0.0
2.96541574976 0.0
3.09016994375 0.0
3.21439465303 0.0
3.33806859234 0.0
3.46117057077 0.0
3.58367949545 0.0
3.7055743751 0.0
3.82683432365 0.0
3.94743856384 0.0
4.06736643076 0.0
4.18659737537 0.0
4.30511096808 0.0
4.42288690219 0.0
4.5399049974 0.0
4.65614520325 0.0
4.7715876026 0.0
4.88621241497 0.0
5.0 0.0
5.11293086077 0.0
5.22498564716 0.0
5.33614515916 0.0
5.44639035015 0.0
5.5557023302 0.0
5.66406236925 0.0
5.77145190037 0.0
5.87785252292 0.0
5.98324600571 0.0
6.08761429009 0.0
6.1909394931 0.0
6.2932039105 0.0
6.39439001981 0.0
6.4944804833 0.0
6.593458151 0.0
6.69130606359 0.0
6.78800745533 0.0
6.88354575694 0.0
6.97790459842 0.0
7.07106781187 0.0
7.16301943425 0.0
7.25374371012 0.0
7.34322509436 0.0
7.43144825477 0.0
7.51839807479 0.0
7.604059656 0.0
7.68841832073 0.0
7.77145961457 0.0
7.85316930881 0.0
7.93353340291 0.0
8.01253812691 0.0
8.09016994375 0.0
8.16641555162 0.0
8.24126188622 0.0
8.31469612303 0.0
8.38670567945 0.0
8.45727821704 0.0
8.52640164354 0.0
8.59406411501 0.0
8.66025403784 0.0
8.72496007073 0.0
8.78817112662 0.0
8.84987637463 0.0
8.91006524188 0.0
8.96872741533 0.0
9.0258528435 0.0
9.08143173825 0.0
9.13545457643 0.0
9.18791210149 0.0
9.23879532511 0.0
9.28809552872 0.0
9.33580426497 0.0
9.38191335922 0.0
9.42641491092 0.0
9.46930129495 0.0
9.51056516295 0.0
9.55019944457 0.0
9.58819734868 0.0
9.62455236454 0.0
9.65925826289 0.0
9.69230909707 0.0
9.72369920398 0.0
9.75342320509 0.0
9.78147600734 0.0
9.80785280403 0.0
9.83254907564 0.0
9.85556059058 0.0
9.87688340595 0.0
9.8965138682 0.0
9.91444861374 0.0
9.93068456955 0.0
9.94521895368 0.0
9.95804927575 0.0
9.96917333733 0.0
9.97858923239 0.0
9.98629534755 0.0
9.99229036241 0.0
9.99657324976 0.0
9.99914327574 0.0
10.0 0.0
9.99914327574 0.0
9.99657324976 0.0
9.99229036241 0.0
9.98629534755 0.0
9.97858923239 0.0
9.96917333733 0.0
9.95804927575 0.0
9.94521895368 0.0
9.93068456955 0.0
9.91444861374 0.0
9.8965138682 0.0
9.87688340595 0.0
9.85556059058 0.0
9.83254907564 0.0
9.80785280403 0.0
9.78147600734 0.0
9.75342320509 0.0
9.72369920398 0.0
9.69230909707 0.0
9.65925826289 0.0
9.62455236454 0.0
9.58819734868 0.0
9.55019944457 0.0
9.51056516295 0.0
9.46930129495 0.0
9.42641491092 0.0
9.38191335922 0.0
9.33580426497 0.0
9.28809552872 0.0
9.23879532511 0.0
9.18791210149 0.0
9.13545457643 0.0
9.08143173825 0.0
9.0258528435 0.0
8.96872741533 0.0
8.91006524188 0.0
8.84987637463 0.0
8.78817112662 0.0
8.72496007073 0.0
8.66025403784 0.0
8.59406411501 0.0
8.52640164354 0.0
8.45727821704 0.0
8.38670567945 0.0
8.31469612303 0.0
8.24126188622 0.0
8.16641555162 0.0
8.09016994375 0.0
8.01253812691 0.0
7.93353340291 0.0
7.85316930881 0.0
7.77145961457 0.0
7.68841832073 0.0
7.604059656 0.0
7.51839807479 0.0
7.43144825477 0.0
7.34322509436 0.0
7.25374371012 0.0
7.16301943425 0.0
7.07106781187 0.0
6.97790459842 0.0
6.88354575694 0.0
6.78800745533 0.0
6.69130606359 0.0
6.593458151 0.0
6.4944804833 0.0
6.39439001981 0.0
6.2932039105 0.0
6.1909394931 0.0
6.08761429009 0.0
5.98324600571 0.0
5.87785252292 0.0
5.77145190037 0.0
5.66406236925 0.0
5.5557023302 0.0
5.44639035015 0.0
5.33614515916 0.0
5.22498564716 0.0
5.11293086077 0.0
5.0 0.0
4.88621241497 0.0
4.7715876026 0.0
4.65614520325 0.0
4.5399049974 0.0
4.42288690219 0.0
4.30511096808 0.0
4.18659737537 0.0
4.06736643076 0.0
3.94743856384 0.0
3.82683432365 0.0
3.7055743751 0.0
3.58367949545 0.0
3.46117057077 0.0
3.33806859234 0.0
3.21439465303 0.0
3.09016994375 0.0
2.96541574976 0.0
2.84015344704 0.0
2.71440449865 0.0
2.58819045103 0.0
2.46153293029 0.0
2.33445363856 0.0
2.20697435021 0.0
2.07911690818 0.0
1.95090322016 0.0
1.82235525492 0.0
1.69349503849 0.0
1.5643446504 0.0
1.43492621991 0.0
1.3052619222 0.0
1.17537397458 0.0
1.04528463268 0.0
0.915016186634 0.0
0.784590957278 0.0
0.654031292301 0.0
0.523359562429 0.0
0.392598157591 0.0
0.261769483079 0.0
0.130895955713 0.0
-1.47081412025e-14 0.0
-0.130895955713 0.0
-0.261769483079 0.0
-0.392598157591 0.0
-0.523359562429 0.0
-0.654031292301 0.0
-0.784590957279 0.0
-0.915016186634 0.0
-1.04528463268 0.0
-1.17537397458 0.0
-1.3052619222 0.0
-1.43492621991 0.0
-1.5643446504 0.0
-1.69349503849 0.0
-1.82235525492 0.0
-1.95090322016 0.0
-2.07911690818 0.0
-2.20697435021 0.0
-2.33445363856 0.0
-2.46153293029 0.0
-2.58819045103 0.0
-2.71440449865 0.0
-2.84015344704 0.0
-2.96541574976 0.0
-3.09016994375 0.0
-3.21439465303 0.0
-3.33806859234 0.0
-3.46117057077 0.0
-3.58367949545 0.0
-3.7055743751 0.0
-3.82683432365 0.0
-3.94743856384 0.0
-4.06736643076 0.0
-4.18659737537 0.0
-4.30511096808 0.0
-4.42288690219 0.0
-4.5399049974 0.0
-4.65614520325 0.0
-4.7715876026 0.0
-4.88621241497 0.0
-5.0 0.0
-5.11293086077 0.0
-5.22498564716 0.0
-5.33614515916 0.0
-5.44639035015 0.0
-5.5557023302 0.0
-5.66406236925 0.0
-5.77145190037 0.0
-5.87785252292 0.0
-5.98324600571 0.0
-6.08761429009 0.0
-6.1909394931 0.0
-6.2932039105 0.0
-6.39439001981 0.0
-6.4944804833 0.0
-6.593458151 0.0
-6.69130606359 0.0
-6.78800745533 0.0
-6.88354575694 0.0
-6.97790459842 0.0
-7.07106781187 0.0
-7.16301943425 0.0
-7.25374371012 0.0
-7.34322509436 0.0
-7.43144825477 0.0
-7.51839807479 0.0
-7.604059656 0.0
-7.68841832073 0.0
-7.77145961457 0.0
-7.85316930881 0.0
-7.93353340291 0.0
-8.01253812691 0.0
-8.09016994375 0.0
-8.16641555162 0.0
-8.24126188622 0.0
-8.31469612303 0.0
-8.38670567945 0.0
-8.45727821704 0.0
-8.52640164354 0.0
-8.59406411501 0.0
-8.66025403784 0.0
-8.72496007073 0.0
-8.78817112662 0.0
-8.84987637463 0.0
-8.91006524188 0.0
-8.96872741533 0.0
-9.0258528435 0.0
-9.08143173825 0.0
-9.13545457643 0.0
-9.18791210149 0.0
-9.23879532511 0.0
-9.28809552872 0.0
-9.33580426497 0.0
-9.38191335922 0.0
-9.42641491092 0.0
-9.46930129495 0.0
-9.51056516295 0.0
-9.55019944457 0.0
-9.58819734868 0.0
-9.62455236454 0.0
-9.65925826289 0.0
-9.69230909707 0.0
-9.72369920398 0.0
-9.75342320509 0.0
-9.78147600734 0.0
-9.80785280403 0.0
-9.83254907564 0.0
-9.85556059058 0.0
-9.87688340595 0.0
-9.8965138682 0.0
-9.91444861374 0.0
-9.93068456955 0.0
-9.94521895368 0.0
-9.95804927575 0.0
-9.96917333733 0.0
-9.97858923239 0.0
-9.98629534755 0.0
-9.99229036241 0.0
-9.99657324976 0.0
-9.99914327574 0.0
-10.0 0.0
-9.99914327574 0.0
-9.99657324976 0.0
-9.99229036241 0.0
-9.98629534755 0.0
-9.97858923239 0.0
-9.96917333733 0.0
-9.95804927575 0.0
-9.94521895368 0.0
-9.93068456955 0.0
-9.91444861374 0.0
-9.8965138682 0.0
-9.87688340595 0.0
-9.85556059058 0.0
-9.83254907564 0.0
-9.80785280403 0.0
-9.78147600734 0.0
-9.75342320509 0.0
-9.72369920398 0.0
-9.69230909707 0.0
-9.65925826289 0.0
-9.62455236454 0.0
-9.58819734868 0.0
-9.55019944457 0.0
-9.51056516295 0.0
-9.46930129495 0.0
-9.42641491092 0.0
-9.38191335922 0.0
-9.33580426497 0.0
-9.28809552872 0.0
-9.23879532511 0.0
-9.18791210149 0.0
-9.13545457643 0.0
-9.08143173825 0.0
-9.0258528435 0.0
-8.96872741533 0.0
-8.91006524188 0.0
-8.84987637463 0.0
-8.78817112662 0.0
-8.72496007073 0.0
-8.66025403784 0.0
-8.59406411501 0.0
-8.52640164354 0.0
-8.45727821704 0.0
-8.38670567945 0.0
-8.31469612303 0.0
-8.24126188622 0.0
-8.16641555162 0.0
-8.09016994375 0.0
-8.01253812691 0.0
-7.93353340291 0.0
-7.85316930881 0.0
-7.77145961457 0.0
-7.68841832073 0.0
-7.604059656 0.0
-7.51839807479 0.0
-7.43144825477 0.0
-7.34322509436 0.0
-7.25374371012 0.0
-7.16301943425 0.0
-7.07106781187 0.0
-6.97790459842 0.0
-6.88354575694 0.0
-6.78800745533 0.0
-6.69130606359 0.0
-6.593458151 0.0
-6.4944804833 0.0
-6.39439001981 0.0
-6.2932039105 0.0
-6.1909394931 0.0
-6.08761429009 0.0
-5.98324600571 0.0
-5.87785252292 0.0
-5.77145190037 0.0
-5.66406236925 0.0
-5.5557023302 0.0
-5.44639035015 0.0
-5.33614515916 0.0
-5.22498564716 0.0
-5.11293086077 0.0
-5.0 0.0
-4.88621241497 0.0
-4.7715876026 0.0
-4.65614520325 0.0
-4.5399049974 0.0
-4.42288690219 0.0
-4.30511096808 0.0
-4.18659737537 0.0
-4.06736643076 0.0
-3.94743856384 0.0
-3.82683432365 0.0
-3.7055743751 0.0
-3.58367949545 0.0
-3.46117057077 0.0
-3.33806859234 0.0
-3.21439465303 0.0
-3.09016994375 0.0
-2.96541574976 0.0
-2.84015344704 0.0
-2.71440449865 0.0
-2.58819045103 0.0
-2.46153293029 0.0
-2.33445363856 0.0
-2.20697435022 0.0
-2.07911690818 0.0
-1.95090322016 0.0
-1.82235525492 0.0
-1.69349503849 0.0
-1.5643446504 0.0
-1.43492621991 0.0
-1.3052619222 0.0
-1.17537397458 0.0
-1.04528463268 0.0
-0.915016186634 0.0
-0.784590957278 0.0
-0.654031292301 0.0
-0.523359562429 0.0
-0.392598157591 0.0
-0.261769483079 0.0
-0.130895955713 0.0
-2.20436423847e-14 0.0
0.130895955713 0.0
0.261769483079 0.0
0.392598157591 0.0
0.523359562429 0.0
0.654031292301 0.0
0.784590957278 0.0
0.915016186634 0.0
1.04528463268 0.0
1.17537397458 0.0
1.3052619222 0.0
1.43492621991 0.0
1.5643446504 0.0
1.69349503849 0.0
1.82235525492 0.0
1.95090322016 0.0
2.07911690818 0.0
2.20697435022 0.0
2.33445363856 0.0
2.46153293029 0.0
2.58819045103 0.0
2.71440449865 0.0
2.84015344704 0.0
2.96541574976 0.0
3.09016994375 0.0
3.21439465303 0.0
3.33806859234 0.0
3.46117057077 0.0
3.58367949545 0.0
3.7055743751 0.0
3.82683432365 0.0
3.94743856384 0.0
4.06736643076 0.0
4.18659737537 0.0
4.30511096808 0.0
4.42288690219 0.0
4.5399049974 0.0
4.65614520325 0.0
4.7715876026 0.0
4.88621241497 0.0
5.0 0.0
5.11293086077 0.0
5.22498564716 0.0
5.33614515916 0.0
5.44639035015 0.0
5.5557023302 0.0
5.66406236925 0.0
5.77145190037 0.0
5.87785252292 0.0
5.98324600571 0.0
6.08761429009 0.0
6.1909394931 0.0
6.2932039105 0.0
6.39439001981 0.0
6.4944804833 0.0
6.593458151 0.0
6.69130606359 0.0
6.78800745533 0.0
6.88354575694 0.0
6.97790459842 0.0
7.07106781187 0.0
7.16301943425 0.0
7.25374371012 0.0
7.34322509436 0.0
7.43144825477 0.0
7.51839807479 0.0
7.604059656 0.0
7.68841832073 0.0
7.77145961457 0.0
7.85316930881 0.0
7.93353340291 0.0
8.01253812691 0.0
8.09016994375 0.0
8.16641555162 0.0
8.24126188622 0.0
8.31469612303 0.0
8.38670567945 0.0
8.45727821704 0.0
8.52640164354 0.0
8.59406411501 0.0
8.66025403784 0.0
8.72496007073 0.0
8.78817112662 0.0
8.84987637463 0.0
8.91006524188 0.0
8.96872741533 0.0
9.0258528435 0.0
9.08143173825 0.0
9.13545457643 0.0
9.18791210149 0.0
9.23879532511 0.0
9.28809552872 0.0
9.33580426497 0.0
9.38191335922 0.0
9.42641491092 0.0
9.46930129495 0.0
9.51056516295 0.0
9.55019944457 0.0
9.58819734868 0.0
9.62455236454 0.0
9.65925826289 0.0
9.69230909707 0.0
9.72369920398 0.0
9.75342320509 0.0
9.78147600734 0.0
9.80785280403 0.0
9.83254907564 0.0
9.85556059058 0.0
9.87688340595 0.0
9.8965138682 0.0
9.91444861374 0.0
9.93068456955 0.0
9.94521895368 0.0
9.95804927575 0.0
9.96917333733 0.0
9.97858923239 0.0
9.98629534755 0.0
9.99229036241 0.0
9.99657324976 0.0
9.99914327574 0.0
10.0 0.0
9.99914327574 0.0
9.99657324976 0.0
9.99229036241 0.0
9.98629534755 0.0
9.97858923239 0.0
9.96917333733 0.0
9.95804927575 0.0
9.94521895368 0.0
9.93068456955 0.0
9.91444861374 0.0
9.8965138682 0.0
9.87688340595 0.0
9.85556059058 0.0
9.83254907564 0.0
9.80785280403 0.0
9.78147600734 0.0
9.75342320509 0.0
9.72369920398 0.0
9.69230909707 0.0
9.65925826289 0.0
9.62455236454 0.0
9.58819734868 0.0
9.55019944457 0.0
9.51056516295 0.0
9.46930129495 0.0
9.42641491092 0.0
9.38191335922 0.0
9.33580426497 0.0
9.28809552872 0.0
9.23879532511 0.0
9.18791210149 0.0
9.13545457643 0.0
9.08143173825 0.0
9.0258528435 0.0
8.96872741533 0.0
8.91006524188 0.0
8.84987637463 0.0
8.78817112662 0.0
8.72496007073 0.0
8.66025403784 0.0
8.59406411501 0.0
8.52640164354 0.0
8.45727821704 0.0
8.38670567945 0.0
8.31469612303 0.0
8.24126188622 0.0
8.16641555162 0.0
8.09016994375 0.0
8.01253812691 0.0
7.93353340291 0.0
7.85316930881 0.0
7.77145961457 0.0
7.68841832073 0.0
7.604059656 0.0
7.51839807479 0.0
7.43144825477 0.0
7.34322509436 0.0
7.25374371012 0.0
7.16301943425 0.0
7.07106781187 0.0
6.97790459842 0.0
6.88354575694 0.0
6.78800745533 0.0
6.69130606359 0.0
6.593458151 0.0
6.4944804833 0.0
6.39439001981 0.0
6.2932039105 0.0
6.1909394931 0.0
6.08761429009 0.0
5.98324600571 0.0
5.87785252292 0.0
5.77145190037 0.0
5.66406236925 0.0
5.5557023302 0.0
5.44639035015 0.0
5.33614515916 0.0
5.22498564716 0.0
5.11293086077 0.0
5.0 0.0
4.88621241497 0.0
4.7715876026 0.0
4.65614520325 0.0
4.5399049974 0.0
4.42288690219 0.0
4.30511096808 0.0
4.18659737537 0.0
4.06736643076 0.0
3.94743856384 0.0
3.82683432365 0.0
3.7055743751 0.0
3.58367949545 0.0
3.46117057077 0.0
3.33806859234 0.0
3.21439465303 0.0
3.09016994375 0.0
2.96541574976 0.0
2.84015344704 0.0
2.71440449865 0.0
2.58819045103 0.0
2.46153293029 0.0
2.33445363856 0.0
2.20697435022 0.0
2.07911690818 0.0
1.95090322016 0.0
1.82235525492 0.0
1.69349503849 0.0
1.5643446504 0.0
1.43492621991 0.0
1.3052619222 0.0
1.17537397458 0.0
1.04528463268 0.0
0.915016186634 0.0
0.784590957278 0.0
0.654031292301 0.0
0.523359562429 0.0
0.392598157591 0.0
0.261769483079 0.0
0.130895955713 0.0
-1.22588476042e-14 0.0
-0.130895955713 0.0
-0.261769483079 0.0
-0.392598157591 0.0
-0.523359562429 0.0
-0.654031292301 0.0
-0.784590957278 0.0
-0.915016186634 0.0
-1.04528463268 0.0
-1.17537397458 0.0
-1.3052619222 0.0
-1.43492621991 0.0
-1.5643446504 0.0
-1.69349503849 0.0
-1.82235525492 0.0
-1.95090322016 0.0
-2.07911690818 0.0
-2.20697435022 0.0
-2.33445363856 0.0
-2.46153293029 0.0
-2.58819045103 0.0
-2.71440449865 0.0
-2.84015344704 0.0
-2.96541574976 0.0
-3.09016994375 0.0
-3.21439465303 0.0
-3.33806859234 0.0
-3.46117057077 0.0
-3.58367949545 0.0
-3.7055743751 0.0
-3.82683432365 0.0
-3.94743856384 0.0
-4.06736643076 0.0
-4.18659737537 0.0
-4.30511096808 0.0
-4.42288690219 0.0
-4.5399049974 0.0
-4.65614520325 0.0
-4.7715876026 0.0
-4.88621241497 0.0
-5.0 0.0
-5.11293086077 0.0
-5.22498564716 0.0
-5.33614515916 0.0
-5.44639035015 0.0
-5.5557023302 0.0
-5.66406236925 0.0
-5.77145190037 0.0
-5.87785252292 0.0
-5.98324600571 0.0
-6.08761429009 0.0
-6.1909394931 0.0
-6.2932039105 0.0
-6.39439001981 0.0
-6.4944804833 0.0
-6.593458151 0.0
-6.69130606359 0.0
-6.78800745533 0.0
-6.88354575694 0.0
-6.97790459842 0.0
-7.07106781187 0.0
-7.16301943425 0.0
-7.25374371012 0.0
-7.34322509436 0.0
-7.43144825477 0.0
-7.51839807479 0.0
-7.604059656 0.0
-7.68841832073 0.0
-7.77145961457 0.0
-7.85316930881 0.0
-7.93353340291 0.0
-8.01253812691 0.0
-8.09016994375 0.0
-8.16641555162 0.0
-8.24126188622 0.0
-8.31469612303 0.0
-8.38670567945 0.0
-8.45727821704 0.0
-8.52640164354 0.0
-8.59406411501 0.0
-8.66025403784 0.0
-8.72496007073 0.0
-8.78817112662 0.0
-8.84987637463 0.0
-8.91006524188 0.0
-8.96872741533 0.0
-9.0258528435 0.0
-9.08143173825 0.0
-9.13545457643 0.0
-9.18791210149 0.0
-9.23879532511 0.0
-9.28809552872 0.0
-9.33580426497 0.0
-9.38191335922 0.0
-9.42641491092 0.0
-9.46930129495 0.0
-9.51056516295 0.0
-9.55019944457 0.0
-9.58819734868 0.0
-9.62455236454 0.0
-9.65925826289 0.0
-9.69230909707 0.0
-9.72369920398 0.0
-9.75342320509 0.0
-9.78147600734 0.0
-9.80785280403 0.0
-9.83254907564 0.0
-9.85556059058 0.0
-9.87688340595 0.0
-9.8965138682 0.0
-9.91444861374 0.0
-9.93068456955 0.0
-9.94521895368 0.0
-9.95804927575 0.0
-9.96917333733 0.0
-9.97858923239 0.0
-9.98629534755 0.0
-9.99229036241 0.0
-9.99657324976 0.0
-9.99914327574 0.0
-10.0 0.0
-9.99914327574 0.0
-9.99657324976 0.0
-9.99229036241 0.0
-9.98629534755 0.0
-9.97858923239 0.0
-9.96917333733 0.0
-9.95804927575 0.0
-9.94521895368 0.0
-9.93068456955 0.0
-9.91444861374 0.0
-9.8965138682 0.0
-9.87688340595 0.0
-9.85556059058 0.0
-9.83254907564 0.0
-9.80785280403 0.0
-9.78147600734 0.0
-9.75342320509 0.0
-9.72369920398 0.0
-9.69230909707 0.0
-9.65925826289 0.0
-9.62455236454 0.0
-9.58819734868 0.0
-9.55019944457 0.0
-9.51056516295 0.0
-9.46930129495 0.0
-9.42641491092 0.0
-9.38191335922 0.0
-9.33580426497 0.0
-9.28809552872 0.0
-9.23879532511 0.0
-9.18791210149 0.0
-9.13545457643 0.0
-9.08143173825 0.0
-9.0258528435 0.0
-8.96872741533 0.0
-8.91006524188 0.0
-8.84987637463 0.0
-8.78817112662 0.0
-8.72496007073 0.0
-8.66025403784 0.0
-8.59406411501 0.0
-8.52640164354 0.0
-8.45727821704 0.0
-8.38670567945 0.0
-8.31469612303 0.0
-8.24126188622 0.0
-8.16641555162 0.0
-8.09016994375 0.0
-8.01253812691 0.0
-7.93353340291 0.0
-7.85316930881 0.0
-7.77145961457 0.0
-7.68841832073 0.0
-7.604059656 0.0
-7.51839807479 0.0
-7.43144825477 0.0
-7.34322509436 0.0
-7.25374371012 0.0
-7.16301943425 0.0
-7.07106781187 0.0
-6.97790459842 0.0
-6.88354575694 0.0
-6.78800745533 0.0
-6.69130606359 0.0
-6.593458151 0.0
-6.4944804833 0.0
-6.39439001981 0.0
-6.2932039105 0.0
-6.1909394931 0.0
-6.08761429009 0.0
-5.98324600571 0.0
-5.87785252292 0.0
-5.77145190037 0.0
-5.66406236925 0.0
-5.5557023302 0.0
-5.44639035015 0.0
-5.33614515916 0.0
-5.22498564716 0.0
-5.11293086077 0.0
-5.0 0.0
-4.88621241497 0.0
-4.7715876026 0.0
-4.65614520325 0.0
-4.5399049974 0.0
-4.42288690219 0.0
-4.30511096808 0.0
-4.18659737537 0.0
-4.06736643076 0.0
-3.94743856384 0.0
-3.82683432365 0.0
-3.7055743751 0.0
-3.58367949545 0.0
-3.46117057077 0.0
-3.33806859234 0.0
-3.21439465303 0.0
-3.09016994375 0.0
-2.96541574976 0.0
-2.84015344704 0.0
-2.71440449865 0.0
-2.58819045103 0.0
-2.46153293029 0.0
-2.33445363856 0.0
-2.20697435021 0.0
-2.07911690818 0.0
-1.95090322016 0.0
-1.82235525492 0.0
-1.69349503849 0.0
-1.5643446504 0.0
-1.43492621991 0.0
-1.3052619222 0.0
-1.17537397458 0.0
-1.04528463268 0.0
-0.915016186634 0.0
-0.784590957278 0.0
-0.654031292301 0.0
-0.523359562429 0.0
-0.392598157591 0.0
-0.261769483079 0.0
-0.130895955713 0.0
