0.0 0.0
-5.67589576253e-09 1.03574748744e-13
-2.25069953345e-08 4.28856110639e-13
-4.99109410664e-08 9.67767272258e-13
-8.69369765352e-08 1.69899359421e-12
-1.32290464427e-07 2.59914142252e-12
-1.84366345575e-07 3.63459207874e-12
-2.41290790817e-07 4.76959146842e-12
-3.00970075679e-07 5.96122957473e-12
-3.61145565942e-07 7.16547672021e-12
-4.19453535543e-07 8.33429970638e-12
-4.73488439173e-07 9.42028664944e-12
-5.20868159675e-07 1.03751775904e-11
-5.59299707191e-07 1.11534660094e-11
-5.8664381466e-07 1.17118058731e-11
-6.00976894198e-07 1.20118100535e-11
-6.00648857417e-07 1.20199278496e-11
-5.84335386701e-07 1.17095549806e-11
-5.51083349699e-07 1.10610758135e-11
-5.00348192355e-07 1.00633396194e-11
-4.32022308463e-07 8.71364297895e-12
-3.46453575585e-07 7.0186002339e-12
-2.44453453448e-07 4.99391155111e-12
-1.2729426677e-07 2.66465242489e-12
3.30447282936e-09 6.47357067524e-14
1.45200609646e-07 -2.7633421291e-12
2.95864415443e-07 -5.76937955472e-12
4.52423616349e-07 -8.89620697999e-12
6.11717575139e-07 -1.20808892557e-11
7.70359615429e-07 -1.52558598588e-11
9.24806280516e-07 -1.83503865471e-11
1.07143214809e-06 -2.12919915408e-11
1.20660867817e-06 -2.40080841958e-11
1.32678545735e-06 -2.64275357361e-11
1.42857212137e-06 -2.84823578838e-11
1.50881919217e-06 -3.01092883627e-11
1.56469605551e-06 -3.12513812247e-11
1.59376433294e-06 -3.18594569751e-11
1.59404496582e-06 -3.18934695497e-11
1.56407742977e-06 -3.13236835248e-11
1.50296963243e-06 -3.01316942326e-11
1.41043721473e-06 -2.83112140722e-11
1.28683117182e-06 -2.58686451539e-11
1.13315293175e-06 -2.28233861628e-11
9.51056273167e-07 -1.92078894051e-11
7.42835723168e-07 -1.50674370313e-11
5.11401348215e-07 -1.04596538739e-11
2.60240129037e-07 -5.45374440971e-12
-6.63561069303e-09 -1.29476206355e-13
-2.84751977946e-07 5.42408644075e-12
-5.69248478461e-07 1.11100697733e-11
-8.54962923775e-07 1.6825481278e-11
-1.13652479451e-06 2.24630682694e-11
-1.40845537634e-06 2.79133159066e-11
-1.66527281409e-06 3.30665435388e-11
-1.90160009307e-06 3.7815063111e-11
-2.11227385717e-06 4.20553550675e-11
-2.2924519143e-06 4.56902211383e-11
-2.43771726158e-06 4.86308687317e-11
-2.54417648855e-06 5.07988856404e-11
-2.60855048363e-06 5.21280621755e-11
-2.62825547996e-06 5.2566022405e-11
-2.60147262718e-06 5.20756271769e-11
-2.52720446452e-06 5.063611697e-11
-2.40531689554e-06 4.82439657441e-11
-2.23656551987e-06 4.49134231381e-11
-2.02260545999e-06 4.06767270828e-11
-1.76598412619e-06 3.5583975729e-11
-1.47011668188e-06 2.97026533432e-11
-1.13924430375e-06 2.3116811968e-11
-7.78375664963e-07 1.59259169021e-11
-3.93212402287e-07 8.24337105472e-12
9.94034858285e-09 1.94739427463e-13
4.24276957264e-07 -8.08429861411e-12
8.42606163494e-07 -1.6450236051e-11
1.2574758642e-06 -2.47542253019e-11
1.66130565788e-06 -3.28447226567e-11
2.04652479222e-06 -4.05702430873e-11
2.40571301361e-06 -4.77821755707e-11
2.73174171495e-06 -5.43376068987e-11
3.01791272406e-06 -6.01021008754e-11
3.25809207008e-06 -6.49523796148e-11
3.44683611159e-06 -6.8778854561e-11
3.5795075057e-06 -7.14879566908e-11
3.65237864345e-06 -7.30042182544e-11
3.66272036963e-06 -7.32720622004e-11
3.60887404211e-06 -7.22572601537e-11
3.49030526377e-06 -6.99480253111e-11
3.30763793412e-06 -6.63557128906e-11
3.06266761135e-06 -6.15151076027e-11
2.75835354544e-06 -5.54842849901e-11
2.39878912883e-06 -4.83440411939e-11
1.9891509097e-06 -4.01968936574e-11
1.53562671436e-06 -3.11656633122e-11
1.04532382263e-06 -2.13916567495e-11
5.26158527354e-07 -1.10324746272e-11
-1.32712237624e-08 -2.59479941807e-13
-5.63828062984e-07 1.07450333373e-11
-1.11598996405e-06 2.179092455e-11
-1.66001490927e-06 3.26834913651e-11
-2.18611261501e-06 4.32268987895e-11
-2.68462029098e-06 5.32276918246e-11
-3.14617928516e-06 6.24983289003e-11
-3.56190939802e-06 7.08606718016e-11
-3.92357764124e-06 7.81493675712e-11
-4.22375826532e-06 8.42150588079e-11
-4.45598099022e-06 8.89273609072e-11
-4.61486454059e-06 9.21775480952e-11
-4.69623281018e-06 9.38808945036e-11
-4.6972112554e-06 9.39786220053e-11
-4.6163014423e-06 9.24394129597e-11
-4.45343203747e-06 8.92604533104e-11
-4.2099849363e-06 8.44679795046e-11
-3.88879565565e-06 7.81173113435e-11
-3.49412757289e-06 7.02923619612e-11
-3.03162006266e-06 6.11046255036e-11
-2.50821105792e-06 5.06916525787e-11
-1.93203503454e-06 3.9215033017e-11
-1.31229787909e-06 2.68579146964e-11
-6.59130540423e-07 1.38220960324e-11
1.65762217252e-08 3.2473801463e-13
7.03353302268e-07 -1.34052507758e-11
1.38934790894e-06 -2.71310960369e-11
2.06252810944e-06 -4.06122406806e-11
2.710893738e-06 -5.36085584294e-11
3.3226899664e-06 -6.58846243101e-11
3.8866197441e-06 -7.7213966203e-11
4.39205127923e-06 -8.73832208846e-11
4.82921676733e-06 -9.61961186377e-11
5.18939868021e-06 -1.03477222544e-10
5.46510009922e-06 -1.09075351956e-10
5.65019581662e-06 -1.12866624351e-10
5.74006122878e-06 -1.14757055746e-10
5.73167640372e-06 -1.14684666943e-10
5.6237031158e-06 -1.12621051042e-10
5.41653309518e-06 -1.08572366738e-10
5.11230623322e-06 -1.02579731712e-10
4.71489800537e-06 -9.47190008591e-11
4.22987591647e-06 -8.50999249094e-11
3.6644253233e-06 -7.38646960132e-11
3.02724554364e-06 -6.11858979442e-11
2.32841770296e-06 -4.72638894313e-11
1.57924629446e-06 -3.23236596345e-11
7.92076923082e-07 -1.66112047236e-11
-1.99068394195e-08 -3.8948367597e-13
-8.42904150611e-07 1.60659803213e-11
-1.66273145222e-06 3.24717793309e-11
-2.46506689735e-06 4.8541501514e-11
-3.23570043808e-06 6.39907293144e-11
-3.96078520823e-06 7.85420677882e-11
-4.6270857588e-06 9.19301142706e-11
-5.22221870554e-06 1.03906280531e-10
-5.7348814279e-06 1.14243380092e-10
-6.15506461892e-06 1.22739896519e-10
-6.47424472143e-06 1.29223853113e-10
-6.68555259523e-06 1.335562106e-10
-6.78391513931e-06 1.35633726878e-10
-6.76616703339e-06 1.35391221667e-10
-6.63113026e-06 1.32803198804e-10
-6.37965961302e-06 1.27884789725e-10
-6.01465297962e-06 1.20691993338e-10
-5.54102579401e-06 1.11321199629e-10
-4.96564968836e-06 9.99079969174e-11
-4.29725600168e-06 8.66252753576e-11
-3.5463054365e-06 7.16806518886e-11
-2.72482576789e-06 5.53132541382e-11
-1.84622009578e-06 3.77899125558e-11
-9.25048681121e-07 1.94008210698e-11
2.32120923055e-08 4.54736653085e-13
9.82429644712e-07 -1.87262028926e-11
1.93608965182e-06 -3.78119559855e-11
2.86758035213e-06 -5.64702560275e-11
3.76048181558e-06 -7.43723941756e-11
4.59885513803e-06 -9.11990055087e-11
5.36752647203e-06 -1.06645756812e-10
6.05236084094e-06 -1.20428834846e-10
6.64052080805e-06 -1.32290136373e-10
7.12070528777e-06 -1.42002065443e-10
7.48336408429e-06 -1.49371849315e-10
7.720884125e-06 -1.54245291968e-10
7.82774381156e-06 -1.56509893188e-10
7.80063243526e-06 -1.56097271628e-10
7.63853218693e-06 -1.52984841867e-10
7.34276092406e-06 -1.47196708096e-10
6.91697452976e-06 -1.38803750459e-10
6.36712839687e-06 -1.27922894039e-10
5.70139828496e-06 -1.14715564751e-10
4.93006151525e-06 -9.93853507561e-11
4.06534017505e-06 -8.21749021574e-11
3.121208689e-06 -6.336211548e-11
2.11316876375e-06 -4.3255662455e-11
1.05799531627e-06 -2.2189934762e-11
-2.65424576133e-08 -5.19487358915e-13
-1.12198024077e-06 2.13869273496e-11
-2.20947294293e-06 4.31526341497e-11
-3.27011888795e-06 6.4399511695e-11
-4.28528826369e-06 8.47545598676e-11
-5.236950128e-06 1.03856443777e-10
-6.10799223498e-06 1.21361899665e-10
-6.8825280156e-06 1.36951889284e-10
-7.54618521707e-06 1.5033739264e-10
-8.08637097505e-06 1.6126473426e-10
-8.49250845516e-06 1.69520345355e-10
-8.75624065237e-06 1.74934873148e-10
-8.87159747098e-06 1.77386559302e-10
-8.83512281391e-06 1.76803821387e-10
-8.64595908022e-06 1.73166984712e-10
-8.30588719106e-06 1.66509126208e-10
-7.81932102547e-06 1.56916007245e-10
-7.19325593488e-06 1.44525087991e-10
-6.43717180634e-06 1.29523631952e-10
-5.56289194323e-06 1.1214592529e-10
-4.58439981762e-06 9.26696512738e-11
-3.51761650377e-06 7.14114753304e-11
-2.38014231499e-06 4.87219104802e-11
-1.19096682433e-06 2.49795461652e-11
2.98479603747e-08 5.84735342278e-13
1.26150598465e-06 -2.4047154966e-11
2.4828313922e-06 -4.84928158978e-11
3.67263259229e-06 -7.23282713436e-11
4.81006989066e-06 -9.51362298958e-11
5.87502030714e-06 -1.16513386684e-10
6.84843319746e-06 -1.36077547399e-10
7.71267040014e-06 -1.53474448784e-10
8.45182484628e-06 -1.68384154083e-10
9.05201189284e-06 -1.80526908312e-10
9.50162806687e-06 -1.89668346637e-10
9.79157243087e-06 -1.95623959542e-10
9.91542639184e-06 -1.9826273058e-10
9.8695884643e-06 -1.97509876256e-10
9.65336125558e-06 -1.93348632628e-10
9.26898875043e-06 -1.85821049385e-10
8.7216428238e-06 -1.75027769133e-10
8.01935878585e-06 -1.61126787143e-10
7.17292065097e-06 -1.44331204517e-10
6.19569770469e-06 -1.24906005423e-10
5.10343480397e-06 -1.03163906298e-10
3.91399967258e-06 -7.94603414606e-11
2.64709123055e-06 -5.41876652122e-11
1.32391370697e-06 -2.77686647433e-11
-3.31780782936e-08 -6.4949099157e-13
-1.40105633342e-06 2.67078744213e-11
-2.75621443612e-06 5.38334890056e-11
-4.07517088105e-06 8.02575219077e-11
-5.33487609179e-06 1.05518390448e-10
-6.51311505023e-06 1.29170819789e-10
-7.58889871366e-06 1.50793685082e-10
-8.54283732815e-06 1.69997498062e-10
-9.35748900872e-06 1.86431405214e-10
-1.00176773337e-05 1.99789572033e-10
-1.05107721914e-05 2.09816837632e-10
-1.0826928712e-05 2.16313535738e-10
-1.09592798051e-05 2.19139391775e-10
-1.09040785969e-05 2.18216421162e-10
-1.06607879029e-05 2.13530770682e-10
-1.02321147716e-05 2.05133462761e-10
-9.62398907377e-06 1.93140021226e-10
-8.84548607824e-06 1.77728976431e-10
-7.90869392682e-06 1.59139267064e-10
-6.82852788723e-06 1.37666575298e-10
-5.62249420118e-06 1.13658650733e-10
-4.31040724211e-06 8.75096965925e-11
-2.91406453666e-06 5.96539084686e-11
-1.45688497e-06 3.05582713178e-11
3.64838259824e-08 7.14734081267e-13
1.54058232212e-06 -2.93681069972e-11
3.02957313009e-06 -5.91736757743e-11
4.47768483002e-06 -8.81862866306e-11
5.85965796326e-06 -1.15900065591e-10
7.15118547381e-06 -1.41827767838e-10
8.32933992046e-06 -1.65509337966e-10
9.37297995689e-06 -1.86520062701e-10
1.0263128882e-05 -2.04478171769e-10
1.09833184955e-05 -2.19051751151e-10
1.1519892047e-05 -2.29964843925e-10
1.18622607343e-05 -2.37002627075e-10
1.20031089697e-05 -2.40015567924e-10
1.19385444909e-05 -2.3892248083e-10
1.16681903217e-05 -2.33712423328e-10
1.11952165743e-05 -2.24445390606e-10
1.05263111154e-05 -2.11251787736e-10
9.67158917239e-06 -1.94330680173e-10
8.64444301452e-06 -1.73946844207e-10
7.46133389171e-06 -1.50426660016e-10
6.14152943042e-06 -1.24152910366e-10
4.7067906537e-06 -9.5558567373e-11
3.18101369492e-06 -6.51196679073e-11
1.58983209524e-06 -3.33473946688e-11
-3.98137014111e-08 -7.79494575054e-13
-1.6801324285e-06 3.20288215356e-11
-3.30295593173e-06 6.45143438972e-11
-4.88022287659e-06 9.61155321511e-11
-6.3844639223e-06 1.26282221054e-10
-7.78927997492e-06 1.54485195826e-10
-9.06980519475e-06 1.80225470522e-10
-1.02031466431e-05 2.03043106863e-10
-1.11687928028e-05 2.22525417814e-10
-1.19489836947e-05 2.38314409834e-10
-1.252903593e-05 2.50113329945e-10
-1.2897616774e-05 2.57692198369e-10
-1.30469621417e-05 2.60892224296e-10
-1.29730343823e-05 2.59629020993e-10
-1.2675616728e-05 2.53894556715e-10
-1.21583423545e-05 2.43757799381e-10
-1.14286571245e-05 2.29364035279e-10
-1.0497716224e-05 2.10932864945e-10
-9.38021604969e-06 1.88754902254e-10
-8.09416383367e-06 1.63187225383e-10
-6.66058858718e-06 1.34647650266e-10
-5.10319798285e-06 1.03607917923e-10
-3.44798676073e-06 7.05859065198e-11
-1.72280311809e-06 3.61369965268e-11
4.31196891774e-08 8.44732869082e-13
1.81965865718e-06 -3.46890589871e-11
3.5763148656e-06 -6.98545356169e-11
5.28273706531e-06 -1.04044301889e-10
6.90924603347e-06 -1.36663901263e-10
8.42735063806e-06 -1.67142148971e-10
9.81024664102e-06 -1.94941128513e-10
1.10332895112e-05 -2.19565676598e-10
1.20744329154e-05 -2.40572189431e-10
1.29146250957e-05 -2.57576593963e-10
1.35381560247e-05 -2.70261341179e-10
1.39329490353e-05 -2.78381294568e-10
1.40907915451e-05 -2.81768405221e-10
1.40075005151e-05 -2.80335085348e-10
1.36830193855e-05 -2.74076213966e-10
1.31214443959e-05 -2.6306973176e-10
1.23309794046e-05 -2.47475806268e-10
1.13238195566e-05 -2.2753457313e-10
1.01159653757e-05 -2.03562483823e-10
8.72697007633e-06 -1.75947314536e-10
7.17962405451e-06 -1.45141914364e-10
5.49958163244e-06 -1.11656793219e-10
3.71493615687e-06 -7.6051670541e-11
1.85575048111e-06 -3.89261245391e-11
-4.64493269176e-08 -9.09498110363e-13
-1.95920852597e-06 3.73497686914e-11
-3.84969742975e-06 7.51951988244e-11
-5.68527487449e-06 1.11973542424e-10
-7.43405175522e-06 1.47046051686e-10
-9.06544490197e-06 1.79799571885e-10
-1.05507116782e-05 2.09657255983e-10
-1.18634559605e-05 2.36088715685e-10
-1.29800965993e-05 2.58619430437e-10
-1.38802900581e-05 2.76839247663e-10
-1.4547299671e-05 2.90409822291e-10
-1.49683048385e-05 2.9907086104e-10
-1.51346444806e-05 3.02645056864e-10
-1.50419901701e-05 3.01041620877e-10
-1.46904455555e-05 2.94258342808e-10
-1.40845699399e-05 2.82382136068e-10
-1.32333251776e-05 2.65588049404e-10
-1.21499463721e-05 2.44136753535e-10
-1.08517381749e-05 2.18370537519e-10
-9.35979978246e-06 1.88707875544e-10
-7.69868297555e-06 1.55636649872e-10
-5.89598872597e-06 1.19706139323e-10
-3.98190898718e-06 8.15179046339e-11
-1.98872126854e-06 4.17157217912e-11
4.97555500076e-08 9.74731704688e-13
2.09873498988e-06 -4.00100109367e-11
4.12305659874e-06 -8.05353954265e-11
6.08778929827e-06 -1.19902317121e-10
7.95883410132e-06 -1.57427736913e-10
9.70351579996e-06 -1.92456530084e-10
1.12911533592e-05 -2.24372919041e-10
1.26935990632e-05 -2.52611290474e-10
1.38857369464e-05 -2.76666207071e-10
1.48459316935e-05 -2.96101436748e-10
1.55564200001e-05 -3.10557838401e-10
1.6003637334e-05 -3.19759962021e-10
1.61784741182e-05 -3.2352124247e-10
1.60764565369e-05 -3.21747689813e-10
1.5697848447e-05 -3.14440004545e-10
1.50476722151e-05 -3.0169407285e-10
1.41356476915e-05 -2.8369982473e-10
1.29760499383e-05 -2.60738466015e-10
1.15874877345e-05 -2.33178123367e-10
9.99260625859e-06 -2.01467968984e-10
8.21771867623e-06 -1.66130918292e-10
6.29237260884e-06 -1.27755019001e-10
4.2488586165e-06 -8.6983673115e-11
2.12166886464e-06 -4.45048543557e-11
-5.30849547659e-08 -1.03950159829e-12
-2.2382846258e-06 4.26707158881e-11
-4.3964389301e-06 8.58760537862e-11
-6.49032687475e-06 1.27831552726e-10
-8.48363959045e-06 1.67809882343e-10
-1.03416098314e-05 2.05113947966e-10
-1.2031618164e-05 2.39089041465e-10
-1.35237652802e-05 2.6913432453e-10
-1.47914003981e-05 2.94713443084e-10
-1.58115964239e-05 3.1536408552e-10
-1.65655634144e-05 3.30706314669e-10
-1.70389929052e-05 3.40449523749e-10
-1.72223268219e-05 3.44397889479e-10
-1.71109459602e-05 3.42454220815e-10
-1.67052743853e-05 3.34622128962e-10
-1.60107975275e-05 3.21006472821e-10
-1.5037993233e-05 3.018120636e-10
-1.38021765226e-05 2.77340642199e-10
-1.23232603025e-05 2.47986172859e-10
-1.06254357336e-05 2.14228525779e-10
-8.73677736622e-06 1.76625649549e-10
-6.6887794714e-06 1.3580436079e-10
-4.51583121596e-06 9.24499028097e-11
-2.25463942132e-06 4.72944471103e-11
5.63914085198e-08 1.10473058728e-12
2.37781132025e-06 -4.53309628471e-11
4.66979832957e-06 -9.1216255204e-11
6.8928415289e-06 -1.35760332327e-10
9.00842216683e-06 -1.78191572541e-10
1.09796809596e-05 -2.1777091118e-10
1.27720600751e-05 -2.53804709552e-10
1.43539086129e-05 -2.85656904333e-10
1.56970409751e-05 -3.12760224689e-10
1.67772382891e-05 -3.34626279506e-10
1.75746839731e-05 -3.5085433559e-10
1.80743256304e-05 -3.61138629436e-10
1.8266156689e-05 -3.65274079674e-10
1.81454125565e-05 -3.63160294225e-10
1.77126775061e-05 -3.54803795065e-10
1.69739000319e-05 -3.40318413875e-10
1.59403159761e-05 -3.19923843124e-10
1.46282803178e-05 -2.93942358829e-10
1.3059010091e-05 -2.62793762838e-10
1.12582424386e-05 -2.26988623361e-10
9.25581329567e-06 -1.87119922153e-10
7.08516358292e-06 -1.43853244717e-10
4.78278107383e-06 -9.791567563e-11
2.38758724588e-06 -5.00835841195e-11
-5.97205849095e-08 -1.16950503976e-12
-2.5173607279e-06 4.79916631245e-11
-4.94318043275e-06 9.65569087818e-11
-7.29537887728e-06 1.43689563057e-10
-9.533227428e-06 1.88573713024e-10
-1.16177747631e-05 2.30428324068e-10
-1.35125246521e-05 2.68520826967e-10
-1.51840746021e-05 3.02179933394e-10
-1.66027041992e-05 3.30807455755e-10
-1.77429027919e-05 3.53888923405e-10
-1.858382716e-05 3.7100280708e-10
-1.91096809742e-05 3.81828186497e-10
-1.93100091654e-05 3.86150722138e-10
-1.91799017526e-05 3.83866820805e-10
-1.87201032174e-05 3.74985915175e-10
-1.79370251174e-05 3.5963080964e-10
-1.68426612907e-05 3.38036077865e-10
-1.54544066753e-05 3.10544530936e-10
-1.37947824323e-05 2.77601808275e-10
-1.1891071687e-05 2.39749176088e-10
-9.77487175919e-06 1.97614649299e-10
-7.48157021912e-06 1.51902582324e-10
-5.04975344701e-06 1.03381901046e-10
-2.52055757637e-06 5.28731724831e-11
6.30272647598e-08 1.23472951585e-12
2.65688764836e-06 -5.06519147194e-11
5.21654005813e-06 -1.01897114951e-10
7.69789375725e-06 -1.51618347508e-10
1.00580102301e-05 -1.98955408149e-10
1.22558461169e-05 -2.43085292258e-10
1.42529667888e-05 -2.83236500047e-10
1.60142181603e-05 -3.18702518174e-10
1.75083450015e-05 -3.48854242288e-10
1.87085448824e-05 -3.73151122241e-10
1.95929479439e-05 -3.91150832749e-10
2.01450139245e-05 -4.02517296813e-10
2.03538392575e-05 -4.07026916834e-10
2.02143685738e-05 -4.04572898586e-10
1.9727506563e-05 -3.95167585526e-10
1.89001278465e-05 -3.78942754836e-10
1.77449842583e-05 -3.5614786145e-10
1.62805106951e-05 -3.27146251572e-10
1.45305324452e-05 -2.92409402239e-10
1.25238786163e-05 -2.52509277669e-10
1.02939079129e-05 -2.08108925946e-10
7.87795455477e-06 -1.59951470372e-10
5.31670352892e-06 -1.08847678087e-10
2.65350562486e-06 -5.56623138314e-11
