0.0 0.0
-5.67589576253e-08 2.58936871861e-08
-3.38587868596e-07 1.59001402032e-07
-1.06276723261e-06 5.08157247756e-07
-2.43124640862e-06 1.17484746437e-06
-4.62352081824e-06 2.24938121856e-06
-7.79008891826e-06 3.80781459387e-06
-1.20466602822e-05 5.90886048066e-06
-1.74692689472e-05 8.59156574145e-06
-2.40904253634e-05 1.18732423152e-05
-3.18964163782e-05 1.57481864218e-05
-4.08258361254e-05 2.01868330108e-05
-5.07694021138e-05 2.51356990708e-05
-6.15710807825e-05 3.05178599707e-05
-7.3030516001e-05 3.62341779413e-05
-8.49067230896e-05 4.2165081923e-05
-9.69229806057e-05 4.81730163988e-05
-0.000108772823047 5.41053871063e-05
-0.000120127010411 5.97980448048e-05
-0.000130641325831 6.5079148663e-05
-0.00013996503084 6.97733943126e-05
-0.00014774978968 7.37064551158e-05
-0.00015365885997 7.67095830621e-05
-0.000157376337173 7.86242240561e-05
-0.000158616235112 7.9306571089e-05
-0.000157131184287 7.86319194834e-05
-0.000152720534036 7.64987390625e-05
-0.000145237653718 7.28323424288e-05
-0.000134596241804 6.75880683699e-05
-0.000120775469898 6.07538810912e-05
-0.000103823810938 5.23523194897e-05
-8.38614266524e-05 4.24417249678e-05
-6.10810183899e-05 3.11167060336e-05
-3.57470770347e-05 1.85078010506e-05
-8.19350124759e-06 4.78032764567e-06
2.11804118877e-05 -9.86758391596e-06
5.19155643645e-05 -2.52077513128e-05
8.3500168249e-05 -4.09854608628e-05
0.000115378261237 -5.6923692494e-05
0.000146959485193 -7.27279807626e-05
0.000177629955815 -8.8091825202e-05
0.000206764024286 -0.000102702552278
0.000233736708152 -0.000116247517085
0.000257936549187 -0.000128420524914
0.000278778641237 -0.000138928343806
0.0002957175612 -0.000147497175415
0.000308259931914 -0.000153878948141
0.000315976346686 -0.000157857297712
0.00031851239187 -0.000159253102866
0.000315598515983 -0.000157929450308
0.000307058511419 -0.000153795911254
0.000292816397397 -0.000146812023491
0.000272901520214 -0.000136989886104
0.000247451718505 -0.00012439579006
0.000216714436601 -0.000109150825199
0.00018104570753 -9.14304235366e-05
0.000140906968027 -7.1462818992e-05
9.68597103124e-05 -4.95264249405e-05
4.95580185535e-05 -2.5946152473e-05
-2.6091894783e-07 -1.08871387998e-06
-5.17881886696e-05 2.4643023074e-05
-0.000104156248305 5.08165442191e-05
-0.000156453529377 7.69769566146e-05
-0.000207740300294 0.000102654892651
-0.000257065513894 0.00012737491333
-0.000303484338049 0.00015066426055
-0.000346076047847 0.000172061798106
-0.000383961943709 0.000191126973809
-0.00041632295179 0.000207448631077
-0.000442416561646 0.000220653497404
-0.000461592761333 0.000230414179622
-0.000473308642006 0.000236456501611
-0.000477141362543 0.000238566029232
-0.000472799189484 0.000236593639435
-0.000460130358277 0.000230460005769
-0.000439129538 0.000220158890431
-0.000409941722779 0.000205759153441
-0.000372863418278 0.000187405412005
-0.00032834104022 0.00016531730734
-0.000276966492934 0.000139787361723
-0.000219469948544 0.00011117743478
-0.000156709900602 7.9913814657e-05
-8.96606187855e-05 4.64810061131e-05
-1.93971826126e-05 1.14143033001e-05
5.29216788789e-05 -2.47087404362e-05
0.00012607266901 -6.12778105499e-05
0.000198788613127 -9.76601411384e-05
0.000269780406186 -0.000133211462505
0.000337759838165 -0.000167287397055
0.00040146289362 -0.000199255102178
0.000459673105187 -0.000228504950327
0.00051124453193 -0.000254462031873
0.000555123932315 -0.000276597265585
0.000590371708556 -0.000294437904828
0.000616181213926 -0.000307577234843
0.000631896037426 -0.000315683267687
0.000637024910462 -0.00031850625633
0.000631253917594 -0.000315884867981
0.000614455737324 -0.000307750878509
0.000586695688591 -0.00029413227453
0.000548234413348 -0.000275154676991
0.000499527084288 -0.000251041029338
0.000441219088527 -0.000222109524157
0.000374138201695 -0.000188769773981
0.000299283331302 -0.000151517264138
0.000217809972237 -0.000110926157543
0.000131012579681 -6.76405526144e-05
4.03041243733e-05 -2.23643253638e-05
-5.28068491345e-05 2.41502852859e-05
-0.00014674128979 7.11151644131e-05
-0.000239876416767 0.000117719673154
-0.000330573751565 0.000163144639722
-0.000417207921303 0.000206576747926
-0.000498195727222 0.000247223070638
-0.000572024959508 0.000284325488964
-0.000637282435863 0.00031717473583
-0.000692680747069 0.000345123805351
-0.000737083207994 0.00036760047675
-0.00076952653713 0.000384118713678
-0.000789240821325 0.00039428871636
-0.000795666364512 0.000397825424872
-0.000788467069272 0.000394555296682
-0.00076754005716 0.000384421209978
-0.000733021296976 0.000367485375799
-0.000685287078502 0.000343930176022
-0.000624951241458 0.000314056880337
-0.000552858144353 0.000278282232708
-0.000470071434119 0.000237132935937
-0.000377858753654 0.000191238101056
-0.000277672599178 0.00014131976576
-0.000171127611384 8.81816221352e-05
-5.99746522258e-05 3.26961280584e-05
5.39279182282e-05 -2.42097919659e-05
0.000168645294553 -8.15702226383e-05
0.000282199089748 -0.000138396652135
0.000392601451858 -0.00019369500658
0.000497889845142 -0.000246483031192
0.000596161887528 -0.000295807714335
0.000685609626746 -0.000340762445777
0.000764552639144 -0.000380503601008
0.000831469347814 -0.000414266249497
0.00088502598028 -0.000441378696341
0.000924102620254 -0.000461275583607
0.000947815852429 -0.000473509299697
0.000955537553266 -0.000477759471797
0.000946909443365 -0.000473840347635
0.000921853087337 -0.000461705907722
0.000880575103842 -0.000441452587511
0.000823567430487 -0.000413319529804
0.000751602574024 -0.000377686330528
0.000665723864354 -0.000335068285014
0.000567230819711 -0.000286109186313
0.000457659818376 -0.000231571771158
0.000338760357908 -0.000172325952005
0.000212467264504 -0.000109335014597
8.08692913378e-05 -4.36399986688e-05
-5.38253860075e-05 2.36574857008e-05
-0.000189326207735 9.14137228371e-05
-0.000323299180668 0.000158462327955
-0.000453407079399 0.000223634325087
-0.000577350205325 0.000285778520853
-0.000692906993061 0.000343781819094
-0.000797973747885 0.000396589118231
-0.000890602804785 0.0004432224363
-0.000969038419167 0.000482798918111
-0.00103174973121 0.000514547394618
-0.00107746018985 0.000537823186291
-0.00110517287762 0.000552120869698
-0.0011141912435 0.000557084759128
-0.00110413482613 0.000552516892568
-0.00107494963317 0.000538382352849
-0.00102691293313 0.000514811799846
-0.000960632311452 0.000482101137295
-0.000877038941916 0.000440708287374
-0.000777375125816 0.000391247096794
-0.000663176252686 0.000334478448879
-0.000536247436196 0.000271298706074
-0.000398635175238 0.00020272565562
-0.000252594481517 0.000129882176931
-0.000100551999424 5.39778916102e-05
5.49342799413e-05 -2.37109046788e-05
0.000211218042409 -0.000101862695883
0.000365609688631 -0.000179133224257
0.000515422619741 -0.000254178611747
0.00065801997428 -0.000325678726386
0.000790861003546 -0.00039236038751
0.000911546270364 -0.000453020002208
0.00101786086837 -0.000506545231085
0.00110781488527 -0.000551935294313
0.00117968037391 -0.000588319548722
0.00123202414844 -0.000614973993206
0.00126373578924 -0.00063133539251
0.00127405031782 -0.000637012748041
0.00126256509084 -0.000631795888043
0.001229250559 -0.000615660997668
0.00117445464069 -0.000588772961207
0.00109890056918 -0.000551484443316
0.00100367818526 -0.000504331692405
0.000890228761631 -0.000448027106545
0.000760323559126 -0.000383448659308
0.000616036426799 -0.000311626338826
0.000459710864878 -0.000233725807101
0.000293922070576 -0.000151029537198
0.0001214345795 -6.49157325718e-05
-5.48438017333e-05 2.31646255408e-05
-0.000231911004582 0.000111712220713
-0.000406721823523 0.000199204922238
-0.000576240286236 0.000284123949968
-0.000737492368402 0.000364980233331
-0.000887618138005 0.00044034050714
-0.00102392241542 0.000508852687126
-0.00114392305291 0.000569270076436
-0.00124539597052 0.000620473970577
-0.00132641613374 0.000661494252228
-0.00138539372192 0.000691527598681
-0.00142110481332 0.000709952962842
-0.00143271600196 0.000716344033219
-0.00141980246251 0.000710478428313
-0.00138235908874 0.000692343435597
-0.00132080444889 0.000662138163787
-0.00123597742406 0.000620272038477
-0.00112912652208 0.000567359634332
-0.00100189198704 0.000504211900811
-0.000856280951062 0.000431823901765
-0.000694635998598 0.000351359251048
-0.000519597631207 0.00026413148545
-0.00033406123161 0.000171582671713
-0.000141129226633 7.52595951677e-05
5.59407615946e-05 -2.32120773629e-05
0.000253790910156 -0.000122155229072
0.000449020407355 -0.000219869856293
0.000638243907415 -0.000314662276797
0.000818150223157 -0.000404874481426
0.000985560239254 -0.000488913120495
0.00113748303362 -0.00056527761841
0.00127116921718 -0.000632586920895
0.00138416054226 -0.000689604398825
0.00147433488703 -0.000735260460765
0.00153994579606 -0.000768672462433
0.00157965584544 -0.000789161544922
0.00159256320172 -0.000796266083856
0.00157822085761 -0.000789751487998
0.00153664814991 -0.000769616147142
0.00146833429674 -0.000736093394413
0.00137423382701 -0.000689649416324
0.00125575391559 -0.000630977113765
0.00111473377795 -0.000560985987547
0.000953416417534 -0.000480788191761
0.000774413154165 -0.000391680965942
0.000580661490741 -0.00029512572163
0.000375376995491 -0.000192724119214
0.000161999986457 -8.61915258713e-05
-5.58620987137e-05 2.2671706007e-05
-0.000274495682734 0.000132010659241
-0.000490144347732 0.000239947457203
-0.000699073374477 0.000344613515563
-0.00089763441293 0.00044418188656
-0.00108232916445 0.000536899135974
-0.0012498709645 0.000621116196848
-0.00139724318264 0.000695317657438
-0.00152175340353 0.000758148963946
-0.00162108241796 0.000808441050778
-0.00169332713575 0.000845231952043
-0.00173703663081 0.000867784996989
-0.00175124064225 0.000875603248339
-0.00173546998077 0.00086843990511
-0.00168976842625 0.000846304459417
-0.00161469584665 0.000809464468816
-0.00151132241872 0.000758442880761
-0.00138121398435 0.000694010922404
-0.0012264087304 0.000617176645953
-0.00104938553163 0.000529169295786
-0.00085302444324 0.000431419737168
-0.000640559969464 0.000325537256438
-0.00041552786404 0.000213283107669
-0.000181706336227 9.65412399192e-05
5.69473608129e-05 -2.27133088307e-05
0.000296363895419 -0.000142447821019
0.000532431243546 -0.000260606547059
0.000761065312506 -0.000375146000542
0.000978280589404 -0.000484070295127
0.00118025959228 -0.000585465912105
0.00136341991415 -0.0006775352932
0.00152447768321 -0.000758628669256
0.00166050631644 -0.000827273561851
0.00176898951728 -0.000882201431286
0.00184786756076 -0.000922370990106
0.00189557601866 -0.00094698775575
0.0019110762026 -0.000955519478061
0.0018938767413 -0.000947707146321
0.0018440458577 -0.000923571354963
0.00176221406962 -0.000883413885951
0.00164956720163 -0.000827814447649
0.00150782976266 -0.000757622593429
0.00133923891096 -0.000673944926842
0.00114650939258 -0.000578127782496
0.000932789998122 -0.000471735651327
0.000701612233147 -0.000356525694415
0.000456832036899 -0.000234418759471
0.000202565509859 -0.000107467377392
-5.68802792978e-05 2.21787282739e-05
-0.000317080244538 0.000152309039596
-0.000573566755641 0.000280689934023
-0.000821906346466 0.000405103023047
-0.00105777634126 0.000523383481712
-0.00127704007474 0.000633457706768
-0.00147581939748 0.000733379648567
-0.00165056319631 0.000821365180477
-0.00179811072052 0.000895823899389
-0.00191574858622 0.000955387791436
-0.00200126043366 0.000998936247547
-0.00205296833244 0.00102561697331
-0.00206976516673 0.00103486240566
-0.00205113738327 0.00102640132413
-0.00199717764804 0.00100026542548
-0.00190858712873 0.000956790716101
-0.00178666729774 0.000896613665313
-0.00163330133103 0.000820662152754
-0.00145092535824 0.000730141333383
-0.00124248999672 0.000626514632106
-0.00101141277245 0.000511480165599
-0.000761522192339 0.00038694296975
-0.000496994381135 0.000254983485965
-0.000222283330534 0.000117822827028
5.79540752704e-05 -2.22145979192e-05
0.000338936995873 -0.000162740470562
0.000615842194879 -0.00030134329539
0.000883886832693 -0.000435629781822
0.0011384110707 -0.000563266166329
0.00137495906031 -0.000682018761178
0.00158935690963 -0.000789793025417
0.00177778626415 -0.000884670475007
0.00193685220546 -0.000964942782232
0.00206364426233 -0.00102914245913
0.00215578944022 -0.00107606957507
0.0022114963066 -0.00110481402384
0.00222958931815 -0.0011147729295
0.00220953273962 -0.00110566286185
0.00215144368006 -0.00107752661998
0.00205609395702 -0.00103073443466
0.00192490069072 -0.000965979536136
0.00175990572415 -0.000884268130243
0.00156374415835 -0.000786903923277
0.00133960248196 -0.00067546743036
0.00109116695636 -0.000551790393829
0.000822563089788 -0.000417925724304
0.000538287192496 -0.000276113456815
0.000243131147401 -0.000128743285983
-5.78983457889e-05 2.16856934932e-05
-0.000359664692296 0.000172607362929
-0.000656989049552 0.00032143235385
-0.000944739204505 0.000465592473569
-0.00121791815568 0.000602585019937
-0.00147175087118 0.000730016220672
-0.00170176771665 0.000845643043435
-0.00190388309622 0.000947412646701
-0.0020744679238 0.00103349877805
-0.00221041464082 0.00110233447535
-0.00230919361795 0.00115264048634
-0.00236889992051 0.00118344889295
-0.00238828957769 0.00119412150632
-0.00236680467229 0.00118436268651
-0.00230458675641 0.00115422633492
-0.00220247829744 0.00110411690679
-0.00206201206344 0.00103478439328
-0.00188538856443 0.000947313326529
-0.00167544187284 0.000843105964248
-0.00143559434861 0.000723859911869
-0.00116980098851 0.000591540537483
-0.000882484302115 0.000448348626528
-0.000578460785178 0.000296683807741
-0.000262860211838 0.000139104357636
5.89609026845e-05 -2.17159434872e-05
0.000381510209236 -0.000183033176558
0.000699253259075 -0.000342080100148
0.0010067084657 -0.000496113619496
0.00129854166476 -0.000642462093891
0.00156965864106 -0.000778571666578
0.00181529401779 -0.000902050813923
0.00203109495772 -0.00101071233701
0.00221319820707 -0.00110261205883
0.00235829911992 -0.00117608354315
0.00246371143217 -0.00122976821618
0.00252741670698 -0.00126264034805
0.00254810254608 -0.00127402643704
0.00252518885028 -0.00126361863347
0.00245884161472 -0.00123148194105
0.00234997395667 -0.00117805503942
0.00220023429202 -0.00110414468065
0.0020119817978 -0.00101091372307
0.00178824951784 -0.000899862975717
0.0015326956834 -0.000772807134218
0.00124954402662 -0.000631845192315
0.0009435140584 -0.000479325810163
0.000619742460018 -0.000317808210116
0.000283696896822 -0.000150019250511
-5.89163004485e-05 2.11926027956e-05
-0.000402249028269 0.000192905630369
-0.000740411231725 0.000362174717813
-0.00106757195085 0.000526081868259
-0.00137805985846 0.000681786502364
-0.00166646155601 0.000826574678814
-0.00192771592426 0.000957906382578
-0.00215720288463 0.00107346005724
-0.00235082501562 0.00117117360107
-0.002505080584 0.00124928110365
-0.00261712669087 0.00130634466955
-0.00268483139725 0.00134128075703
-0.00270681387737 0.00135338055146
-0.00268247185009 0.00134232399339
-0.00261199575359 0.00130818718888
-0.002496369355 0.001251443042
-0.00233735671805 0.00117295506578
-0.00213747568678 0.00107396444485
-0.00189995827644 0.000956070539668
-0.00162869858956 0.000821205136197
-0.00132818909368 0.000671600853941
-0.00100344630103 0.000509754227893
-0.000659927078411 0.000338384074118
-0.000303436982377 0.000160385832862
5.99678408168e-05 -2.12173444154e-05
0.000424083533271 -0.00020332593789
0.000782664433897 -0.000382816960213
0.00112953020928 -0.000556597512448
0.00145867236936 -0.000721658076697
0.0017643583323 -0.000875124627186
0.00204123123638 -0.0010143086576
0.00228440376168 -0.00113675425415
0.00248954431902 -0.00124028139053
0.00265295408781 -0.00132302468225
0.00277163353438 -0.00138346691234
0.00284333721757 -0.00142046672727
0.00286661588418 -0.00143327999956
0.00284084507105 -0.00142157446004
0.00276623965945 -0.00138543731706
0.00264385406635 -0.00132537569911
0.0024755680033 -0.00124230988008
0.00226405798138 -0.00113755937081
0.00201275498723 -0.00101282208305
0.00172578899469 -0.000870146892963
0.00140792120668 -0.000711900045676
0.00106446513677 -0.000540725950886
0.000701197837248 -0.000359503018265
0.000324262755905 -0.00017129526987
-5.99341454913e-05 2.06994572885e-05
-0.000444833254672 0.000213203843024
-0.000823833304372 0.000402917027019
-0.00119040458772 0.000586571208223
-0.0015382014518 0.000760987930099
-0.00186117213146 0.0009231330823
-0.00215366402254 0.0010701696671
-0.00241052256373 0.00119950741319
-0.00262718199819 0.00130884836954
-0.00279974641798 0.00139622767745
-0.00292505965464 0.00146004879829
-0.00300076276487 0.00149911256667
-0.00302533806799 0.00151263954217
-0.00299813891886 0.00150028524587
-0.00291940464179 0.00146214798845
-0.00279026030364 0.00139876912284
-0.00261270126376 0.00131112568392
-0.0023895627003 0.00120061550882
-0.00212447457124 0.00106903506074
-0.00182180272175 0.000918550306189
-0.00148657709013 0.000751661116074
-0.00112440819129 0.000571159774941
-0.000741393263028 0.000380084286194
-0.000344013644344 0.000181667253804
6.09748874754e-05 -2.07187996078e-05
0.000466656965788 -0.000223618753463
0.000866075717155 -0.000423553874491
0.00125235206125 -0.000617081459581
0.0016188031823 -0.000800854113653
0.00195905813183 -0.000971677641909
0.00226716856324 -0.00112656655536
0.00253771267385 -0.00126279622534
0.00276589053914 -0.00137795077624
0.00294760916382 -0.00146996587532
0.00307955574466 -0.00153716566244
0.00315925783619 -0.00157829316042
