0.0 0.0
0.00027249726977 0.0
0.00108066407141 0.0
0.0023967647121 0.0
0.00417536534447 0.0
0.00635450343433 0.0
0.00885728744701 0.0
0.0115938901504 0.0
0.0144638898336 0.0
0.0173589056213 0.0
0.0201654661021 0.0
0.0227680448332 0.0
0.0250521920668 0.0
0.0269076893483 0.0
0.0282316525429 0.0
0.0289315093688 0.0
0.0289277796671 0.0
0.0281565903652 0.0
0.026571862341 0.0
0.0241471130505 0.0
0.0208768267223 0.0
0.0167773529847 0.0
0.0118873047855 0.0
0.00626743720472 0.0
6.13601736525e-18 0.0
-0.00681243174426 0.0
-0.0140486329283 0.0
-0.0215708824089 0.0
-0.0292275574113 0.0
-0.0368561199191 0.0
-0.0442864372351 0.0
-0.051344370666 0.0
-0.0578555593342 0.0
-0.0636493206114 0.0
-0.068562584747 0.0
-0.0724437790148 0.0
-0.0751565762004 0.0
-0.0765834235299 0.0
-0.0766287711879 0.0
-0.075221924359 0.0
-0.0723194491678 0.0
-0.0679070708809 0.0
-0.0620010121291 0.0
-0.0546487295352 0.0
-0.0459290187891 0.0
-0.0359514706815 0.0
-0.0248552736424 0.0
-0.0128073716792 0.0
-2.4544069461e-17 0.0
0.0133523662188 0.0
0.0270166017852 0.0
0.0407450001057 0.0
0.0542797494781 0.0
0.0673577364039 0.0
0.0797155870231 0.0
0.0910948511817 0.0
0.101247228835 0.0
0.109939735602 0.0
0.116959703392 0.0
0.122119513196 0.0
0.125260960334 0.0
0.126259157711 0.0
0.125025889833 0.0
0.121512339349 0.0
0.115711118668 0.0
0.107657551397 0.0
0.0974301619171 0.0
0.08515034602 0.0
0.0709812108559 0.0
0.0551255883783 0.0
0.0378232424993 0.0
0.0193473061537 0.0
5.52241562872e-17 0.0
-0.0198923006932 0.0
-0.0399845706421 0.0
-0.0599191178025 0.0
-0.0793319415449 0.0
-0.0978593528887 0.0
-0.115144736811 0.0
-0.130845331697 0.0
-0.144638898336 0.0
-0.156230150592 0.0
-0.165356822037 0.0
-0.171795247378 0.0
-0.175365344468 0.0
-0.175934891893 0.0
-0.173423008478 0.0
-0.167802754339 0.0
-0.159102788169 0.0
-0.147408031912 0.0
-0.132859311705 0.0
-0.115651962505 0.0
-0.0960334029228 0.0
-0.0742997060751 0.0
-0.0507912113562 0.0
-0.0258872406282 0.0
-9.8176277844e-17 0.0
0.0264322351677 0.0
0.0529525394991 0.0
0.0790932354993 0.0
0.104384133612 0.0
0.128360969373 0.0
0.150573886599 0.0
0.170595812213 0.0
0.188030567836 0.0
0.202520565582 0.0
0.213753940682 0.0
0.221470981559 0.0
0.225469728601 0.0
0.225610626075 0.0
0.221820127123 0.0
0.214093169329 0.0
0.20249445767 0.0
0.187158512428 0.0
0.168288461493 0.0
0.14615357899 0.0
0.12108559499 0.0
0.0934738237718 0.0
0.0637591802131 0.0
0.0324271751027 0.0
1.53400434131e-16 0.0
-0.0329721696422 0.0
-0.065920508356 0.0
-0.098267353196 0.0
-0.129436325678 0.0
-0.158862585858 0.0
-0.186003036387 0.0
-0.210346292729 0.0
-0.231422237337 0.0
-0.248810980572 0.0
-0.262151059327 0.0
-0.271146715741 0.0
-0.275574112735 0.0
-0.275286360256 0.0
-0.270217245768 0.0
-0.260383584319 0.0
-0.245886127171 0.0
-0.226908992943 0.0
-0.203717611281 0.0
-0.176655195474 0.0
-0.146137787056 0.0
-0.112647941469 0.0
-0.0767271490701 0.0
-0.0389671095772 0.0
-2.20896625149e-16 0.0
0.0395121041167 0.0
0.0788884772129 0.0
0.117441470893 0.0
0.154488517745 0.0
0.189364202343 0.0
0.221432186175 0.0
0.250096773244 0.0
0.274813906838 0.0
0.295101395562 0.0
0.310548177972 0.0
0.320822449923 0.0
0.325678496868 0.0
0.324962094438 0.0
0.318614364413 0.0
0.30667399931 0.0
0.289277796671 0.0
0.266659473459 0.0
0.239146761069 0.0
0.207156811959 0.0
0.171189979123 0.0
0.131822059165 0.0
0.089695117927 0.0
0.0455070440517 0.0
3.00664850897e-16 0.0
-0.0460520385912 0.0
-0.0918564460698 0.0
-0.13661558859 0.0
-0.179540709812 0.0
-0.219865818828 0.0
-0.256861335963 0.0
-0.28984725376 0.0
-0.318205576338 0.0
-0.341391810552 0.0
-0.358945296617 0.0
-0.370498184104 0.0
-0.375782881002 0.0
-0.374637828619 0.0
-0.367011483058 0.0
-0.3529644143 0.0
-0.332669466172 0.0
-0.306409953975 0.0
-0.274575910857 0.0
-0.237658428444 0.0
-0.19624217119 0.0
-0.150996176862 0.0
-0.102663086784 0.0
-0.0520469785262 0.0
-3.92705111376e-16 0.0
0.0525919730657 0.0
0.104824414927 0.0
0.155789706286 0.0
0.204592901879 0.0
0.250367435313 0.0
0.292290485751 0.0
0.329597734275 0.0
0.361597245839 0.0
0.387682225542 0.0
0.407342415262 0.0
0.420173918286 0.0
0.425887265136 0.0
0.424313562801 0.0
0.415408601703 0.0
0.39925482929 0.0
0.376061135673 0.0
0.34616043449 0.0
0.310005060645 0.0
0.268160044929 0.0
0.221294363257 0.0
0.170170294559 0.0
0.115631055641 0.0
0.0585869130007 0.0
2.0990761845e-15 0.0
-0.0591319075402 0.0
-0.117792383784 0.0
-0.174963823983 0.0
-0.229645093946 0.0
-0.280869051797 0.0
-0.327719635539 0.0
-0.369348214791 0.0
-0.40498891534 0.0
-0.433972640532 0.0
-0.455739533907 0.0
-0.469849652467 0.0
-0.475991649269 0.0
-0.473989296982 0.0
-0.463805720348 0.0
-0.44554524428 0.0
-0.419452805173 0.0
-0.385910915006 0.0
-0.345434210434 0.0
-0.298661661413 0.0
-0.246346555324 0.0
-0.189344412256 0.0
-0.128599024498 0.0
-0.0651268474751 0.0
-6.13601736525e-16 0.0
0.0656718420147 0.0
0.130760352641 0.0
0.19413794168 0.0
0.254697286013 0.0
0.311370668282 0.0
0.363148785328 0.0
0.409098695307 0.0
0.44838058484 0.0
0.480263055523 0.0
0.504136652552 0.0
0.519525386649 0.0
0.526096033403 0.0
0.523665031164 0.0
0.512202838993 0.0
0.49183565927 0.0
0.462844474674 0.0
0.425661395522 0.0
0.380863360222 0.0
0.329163277898 0.0
0.27139874739 0.0
0.208518529953 0.0
0.141566993355 0.0
0.0716667819496 0.0
2.70052994087e-15 0.0
-0.0722117764892 0.0
-0.143728321497 0.0
-0.213312059377 0.0
-0.279749478079 0.0
-0.341872284767 0.0
-0.398577935116 0.0
-0.448849175822 0.0
-0.491772254341 0.0
-0.526553470513 0.0
-0.552533771197 0.0
-0.56920112083 0.0
-0.576200417537 0.0
-0.573340765346 0.0
-0.560599957637 0.0
-0.53812607426 0.0
-0.506236144175 0.0
-0.465411876037 0.0
-0.41629251001 0.0
-0.359664894383 0.0
-0.296450939457 0.0
-0.227692647649 0.0
-0.154534962212 0.0
-0.0782067164241 0.0
-8.83586500596e-16 0.0
0.0787517109637 0.0
0.156696290354 0.0
0.232486177074 0.0
0.304801670146 0.0
0.372373901252 0.0
0.434007084904 0.0
0.488599656338 0.0
0.535163923842 0.0
0.572843885503 0.0
0.600930889842 0.0
0.618876855012 0.0
0.62630480167 0.0
0.623016499527 0.0
0.608997076282 0.0
0.58441648925 0.0
0.549627813675 0.0
0.505162356553 0.0
0.451721659798 0.0
0.390166510868 0.0
0.321503131524 0.0
0.246866765346 0.0
0.167502931068 0.0
0.0847466508986 0.0
3.35107183616e-15 0.0
-0.0852916454382 0.0
-0.169664259211 0.0
-0.25166029477 0.0
-0.329853862213 0.0
-0.402875517736 0.0
-0.469436234692 0.0
-0.528350136854 0.0
-0.578555593342 0.0
-0.619134300493 0.0
-0.649328008487 0.0
-0.668552589194 0.0
-0.676409185804 0.0
-0.672692233709 0.0
-0.657394194927 0.0
-0.63070690424 0.0
-0.593019483176 0.0
-0.544912837069 0.0
-0.487150809586 0.0
-0.420668127353 0.0
-0.346555323591 0.0
-0.266040883043 0.0
-0.180470899925 0.0
-0.0912865853731 0.0
-1.20265940359e-15 0.0
0.0918315799126 0.0
0.182632228068 0.0
0.270834412467 0.0
0.35490605428 0.0
0.433377134221 0.0
0.50486538448 0.0
0.568100617369 0.0
0.621947262843 0.0
0.665424715483 0.0
0.697725127132 0.0
0.718228323375 0.0
0.726513569937 0.0
0.72236796789 0.0
0.705791313572 0.0
0.676997319231 0.0
0.636411152677 0.0
0.584663317584 0.0
0.522579959374 0.0
0.451169743837 0.0
0.371607515658 0.0
0.28521500074 0.0
0.193438868782 0.0
0.0978265198476 0.0
4.05070187037e-15 0.0
-0.0983715143871 0.0
-0.195600196925 0.0
-0.290008530164 0.0
-0.379958246347 0.0
-0.463878750706 0.0
-0.540294534268 0.0
-0.607851097885 0.0
-0.665338932344 0.0
-0.711715130473 0.0
-0.746122245777 0.0
-0.767904057557 0.0
-0.776617954071 0.0
-0.772043702072 0.0
-0.754188432217 0.0
-0.723287734221 0.0
-0.679802822177 0.0
-0.6244137981 0.0
-0.558009109162 0.0
-0.481671360322 0.0
-0.396659707724 0.0
-0.304389118437 0.0
-0.206406837639 0.0
-0.104366454322 0.0
-1.5708204455e-15 0.0
0.104911448862 0.0
0.208568165782 0.0
0.309182647861 0.0
0.405010438413 0.0
0.494380367191 0.0
0.575723684056 0.0
0.647601578401 0.0
0.708730601844 0.0
0.758005545463 0.0
0.794519364421 0.0
0.817579791738 0.0
0.826722338205 0.0
0.821719436253 0.0
0.802585550862 0.0
0.769578149211 0.0
0.723194491678 0.0
0.664164278615 0.0
0.59343825895 0.0
0.512172976807 0.0
0.421711899791 0.0
0.323563236133 0.0
0.219374806496 0.0
0.110906388797 0.0
-1.25280200639e-15 0.0
-0.111451383336 0.0
-0.221536134639 0.0
-0.328356765558 0.0
-0.43006263048 0.0
-0.524881983676 0.0
-0.611152833844 0.0
-0.687352058916 0.0
-0.752122271345 0.0
-0.804295960453 0.0
-0.842916483066 0.0
-0.86725552592 0.0
-0.876826722338 0.0
-0.871395170435 0.0
-0.850982669507 0.0
-0.815868564201 0.0
-0.766586161179 0.0
-0.703914759131 0.0
-0.628867408738 0.0
-0.542674593292 0.0
-0.446764091858 0.0
-0.34273735383 0.0
-0.232342775353 0.0
-0.117446323271 0.0
-8.396304738e-15 0.0
0.117991317811 0.0
0.234504103496 0.0
0.347530883254 0.0
0.455114822547 0.0
0.55538360016 0.0
0.646581983632 0.0
0.727102539432 0.0
0.795513940846 0.0
0.850586375444 0.0
0.891313601711 0.0
0.916931260101 0.0
0.926931106472 0.0
0.921070904617 0.0
0.899379788152 0.0
0.862158979191 0.0
0.809977830679 0.0
0.743665239647 0.0
0.664296558526 0.0
0.573176209776 0.0
0.471816283925 0.0
0.361911471527 0.0
0.24531074421 0.0
0.123986257746 0.0
5.59722635556e-15 0.0
-0.124531252285 0.0
-0.247472072353 0.0
-0.366705000951 0.0
-0.480167014614 0.0
-0.585885216645 0.0
-0.68201113342 0.0
-0.766853019947 0.0
-0.838905610347 0.0
-0.896876790434 0.0
-0.939710720356 0.0
-0.966606994283 0.0
-0.977035490605 0.0
-0.970746638798 0.0
-0.947776906797 0.0
-0.908449394181 0.0
-0.85336950018 0.0
-0.783415720162 0.0
-0.699725708314 0.0
-0.603677826261 0.0
-0.496868475992 0.0
-0.381085589224 0.0
-0.258278713067 0.0
-0.13052619222 0.0
