0.0 0.0 0.0 0.0 0.0 0.0
2.58936848428e-08 2.34332126788e-15 -2.56827697662e-15 -5.67589576253e-08 -2.56827697662e-27 2.34332126788e-27
1.59001387643e-07 1.4389317613e-14 -1.53206593551e-14 -3.38587868596e-07 -1.53206593551e-26 1.4389317613e-26
5.08157201769e-07 4.59876057901e-14 -4.80884369162e-14 -1.06276723261e-06 -4.80884369162e-26 4.59876057901e-26
1.17484735805e-06 1.06323853968e-13 -1.10008124154e-13 -2.43124640862e-06 -1.10008124154e-25 1.06323853968e-25
2.24938101498e-06 2.03574252675e-13 -2.09198145069e-13 -4.62352081824e-06 -2.09198145069e-25 2.03574252675e-25
3.80781424924e-06 3.44628263342e-13 -3.52461650281e-13 -7.79008891826e-06 -3.52461650281e-25 3.44628263342e-25
5.90885994585e-06 5.34809949314e-13 -5.45023474184e-13 -1.20466602822e-05 -5.45023474184e-25 5.34809949314e-25
8.59156496378e-06 7.77668344125e-13 -7.90308470226e-13 -1.74692689472e-05 -7.90308470226e-25 7.77668344125e-25
1.18732412404e-05 1.07479015977e-12 -1.08976748989e-12 -2.40904253634e-05 -1.08976748989e-24 1.07479015977e-24
1.57481849962e-05 1.42568301443e-12 -1.44275612249e-12 -3.18964163782e-05 -1.44275612249e-24 1.42568301443e-24
2.01868311831e-05 1.8276971613e-12 -1.84647001374e-12 -4.08258361254e-05 -1.84647001374e-24 1.8276971613e-24
2.51356967947e-05 2.27601777437e-12 -2.29593917061e-12 -5.07694021138e-05 -2.29593917061e-24 2.27601777437e-24
3.0517857207e-05 2.76370479106e-12 -2.78408217628e-12 -6.15710807825e-05 -2.78408217628e-24 2.76370479106e-24
3.62341746595e-05 3.28180044059e-12 -3.30181972853e-12 -7.3030516001e-05 -3.30181972853e-24 3.28180044059e-24
4.21650781035e-05 3.8194866551e-12 -3.83824542058e-12 -8.49067230896e-05 -3.83824542058e-24 3.8194866551e-24
4.81730120345e-05 4.36430347062e-12 -4.38085025088e-12 -9.69229806057e-05 -4.38085025088e-24 4.36430347062e-24
5.41053822039e-05 4.90241329255e-12 -4.91579601658e-12 -0.000108772823047 -4.91579601658e-24 4.90241329255e-24
5.97980393859e-05 5.41891520175e-12 -5.42823155029e-12 -0.000120127010411 -5.42823155029e-24 5.41891520175e-24
6.50791427648e-05 5.8981952978e-12 -5.9026447299e-12 -0.000130641325831 -5.9026447299e-24 5.8981952978e-24
6.97733879883e-05 6.32431195547e-12 -6.32324234676e-12 -0.00013996503084 -6.32324234676e-24 6.32431195547e-24
7.37064484344e-05 6.68140231754e-12 -6.6743492717e-12 -0.00014774978968 -6.6743492717e-24 6.68140231754e-24
7.6709576108e-05 6.95410502897e-12 -6.94081791589e-12 -0.00015365885997 -6.94081791589e-24 6.95410502897e-24
7.86242169281e-05 7.12798569461e-12 -7.10843874178e-12 -0.000157376337173 -7.10843874178e-24 7.12798569461e-24
7.9306563899e-05 7.18995758802e-12 -7.16434253098e-12 -0.000158616235112 -7.16434253098e-24 7.18995758802e-24
7.86319123547e-05 7.12868459546e-12 -7.09738524696e-12 -0.000157131184287 -7.09738524696e-24 7.12868459546e-24
7.64987321275e-05 6.93495787179e-12 -6.89850662699e-12 -0.000152720534036 -6.89850662699e-24 6.93495787179e-24
7.28323358267e-05 6.60203440691e-12 -6.56105408266e-12 -0.000145237653718 -6.56105408266e-24 6.60203440691e-24
6.75880622439e-05 6.12592935811e-12 -6.08106406606e-12 -0.000134596241804 -6.08106406606e-24 6.12592935811e-24
6.07538755856e-05 5.50565246182e-12 -5.45749375613e-12 -0.000120775469898 -5.45749375613e-24 5.50565246182e-24
5.23523147464e-05 4.74338208086e-12 -4.69239672529e-12 -0.000103823810938 -4.69239672529e-24 4.74338208086e-24
4.24417211232e-05 3.844570191e-12 -3.79103715263e-12 -8.38614266524e-05 -3.79103715263e-24 3.844570191e-24
3.11167032156e-05 2.81797462366e-12 -2.76193815282e-12 -6.10810183899e-05 -2.76193815282e-24 2.81797462366e-24
1.8507799375e-05 1.67561550061e-12 -1.61686088572e-12 -3.57470770347e-05 -1.61686088572e-24 1.67561550061e-24
4.78032721301e-06 4.32655588524e-13 -3.70712301638e-13 -8.19350124759e-06 -3.70712301638e-25 4.32655588524e-25
-9.86758302317e-06 -8.92794608872e-13 9.58619342555e-13 2.11804118877e-05 9.58619342555e-25 -8.92794608872e-25
-2.52077490329e-05 -2.27994373204e-12 2.35050069163e-12 5.19155643645e-05 2.35050069163e-24 -2.27994373204e-24
-4.09854571571e-05 -3.70565393131e-12 3.78185926984e-12 8.3500168249e-05 3.78185926984e-24 -3.70565393131e-24
-5.69236873491e-05 -5.14483621325e-12 5.22755575605e-12 0.000115378261237 5.22755575605e-24 -5.14483621325e-24
-7.27279741917e-05 -6.57089924131e-12 6.66081751863e-12 0.000146959485193 6.66081751863e-24 -6.57089924131e-24
-8.80918172457e-05 -7.95624261286e-12 8.05372678952e-12 0.000177629955815 8.05372678952e-24 -7.95624261286e-24
-0.000102702543005 -9.27278497309e-12 9.37775529225e-12 0.000206764024286 9.37775529225e-24 -9.27278497309e-24
-0.000116247506592 -1.04925164747e-11 1.06043356397e-11 0.000233736708152 1.06043356397e-23 -1.04925164747e-23
-0.000128420513326 -1.15880648603e-11 1.17054584359e-11 0.000257936549187 1.17054584359e-23 -1.15880648603e-23
-0.000138928331273 -1.25332641469e-11 1.26542828094e-11 0.000278778641237 1.26542828094e-23 -1.25332641469e-23
-0.000147497162111 -1.33037150569e-11 1.34257471369e-11 0.0002957175612 1.34257471369e-23 -1.33037150569e-23
-0.000153878934264 -1.38773264873e-11 1.39971660381e-11 0.000308259931914 1.39971660381e-23 -1.38773264873e-23
-0.000157857283477 -1.42348277733e-11 1.43487993892e-11 0.000315976346686 1.43487993892e-23 -1.42348277733e-23
-0.000159253088506 -1.43602419582e-11 1.44643791658e-11 0.00031851239187 1.44643791658e-23 -1.43602419582e-23
-0.000157929436066 -1.42413109346e-11 1.43315803944e-11 0.000315598515983 1.43315803944e-23 -1.42413109346e-23
-0.000153795897384 -1.38698639651e-11 1.39424234004e-11 0.000307058511419 1.39424234004e-23 -1.38698639651e-23
-0.000146812010249 -1.32421218552e-11 1.32935958655e-11 0.000292816397397 1.32935958655e-23 -1.32421218552e-23
-0.000136989873745 -1.23589298111e-11 1.23866849264e-11 0.000272901520214 1.23866849264e-23 -1.23589298111e-23
-0.000124395778834 -1.12259128758e-11 1.12283116121e-11 0.000247451718505 1.12283116121e-23 -1.12259128758e-23
-0.000109150815345 -9.85354871449e-12 9.8301622582e-12 0.000216714436601 9.8301622582e-24 -9.85354871449e-24
-9.14304152794e-05 -8.25715352004e-12 8.20891407454e-12 0.00018104570753 8.20891407454e-24 -8.25715352004e-24
-7.14628125352e-05 -6.45677787237e-12 6.38605467879e-12 0.000140906968027 6.38605467879e-24 -6.45677787237e-24
-4.95264204635e-05 -4.4770106047e-12 4.38759804874e-12 9.68597103124e-05 4.38759804874e-24 -4.4770106047e-24
-2.59461501263e-05 -2.34669006829e-12 2.2437018875e-12 4.95580185535e-05 2.2437018875e-24 -2.34669006829e-24
-1.08871378145e-06 -9.85237072584e-14 -1.18062523851e-14 -2.6091894783e-07 -1.18062523851e-26 -9.85237072584e-26
2.46430208426e-05 2.23138147356e-12 -2.34198465894e-12 -5.17881886696e-05 -2.34198465894e-24 2.23138147356e-24
5.0816539615e-05 4.60407311905e-12 -4.70740379116e-12 -0.000104156248305 -4.70740379116e-24 4.60407311905e-24
7.69769496362e-05 6.97838600842e-12 -7.0668307086e-12 -0.000156453529377 -7.0668307086e-24 6.97838600842e-24
0.00010265488334 9.31164432359e-12 -9.37795809128e-12 -0.000207740300294 -9.37795809128e-24 9.31164432359e-24
0.000127374901769 1.15604230848e-11 -1.15981637739e-11 -0.000257065513894 -1.15981637739e-23 1.15604230848e-23
0.000150664246869 1.36813560312e-11 -1.36852865298e-11 -0.000303484338049 -1.36852865298e-23 1.36813560312e-23
0.000172061782474 1.56319752333e-11 -1.5598403992e-11 -0.000346076047847 -1.5598403992e-23 1.56319752333e-23
0.000191126956437 1.73715659423e-11 -1.72985990352e-11 -0.000383961943709 -1.72985990352e-23 1.73715659423e-23
0.000207448612215 1.88620187073e-11 -1.87497016058e-11 -0.00041632295179 -1.87497016058e-23 1.88620187073e-23
0.000220653477336 2.00686597311e-11 -1.99189938069e-11 -0.000442416561646 -1.99189938069e-23 2.00686597311e-23
0.000230414158661 2.09610398778e-11 -2.07778669565e-11 -0.000461592761333 -2.07778669565e-23 2.09610398778e-23
0.000236456480097 2.15136627602e-11 -2.13024202913e-11 -0.000473308642006 -2.13024202913e-23 2.15136627602e-23
0.000238566007525 2.17066329887e-11 -2.14739919214e-11 -0.000477141362543 -2.14739919214e-23 2.17066329887e-23
0.000236593617909 2.15262069601e-11 -2.12796135429e-11 -0.000472799189484 -2.12796135429e-23 2.15262069601e-23
0.000230459984804 2.09652305088e-11 -2.07123812466e-11 -0.000460130358277 -2.07123812466e-23 2.09652305088e-23
0.000220158870407 2.00234502843e-11 -1.97717355465e-11 -0.000439129538 -1.97717355465e-23 2.00234502843e-23
0.000205759134733 1.87076887729e-11 -1.84636444891e-11 -0.000409941722779 -1.84636444891e-23 1.87076887729e-23
0.000187405394973 1.70318763417e-11 -1.68006844455e-11 -0.000372863418278 -1.68006844455e-23 1.70318763417e-23
0.000165317292323 1.50169374125e-11 -1.48020139703e-11 -0.00032834104022 -1.48020139703e-23 1.50169374125e-23
0.000139787349033 1.26905317146e-11 -1.24932369906e-11 -0.000276966492934 -1.24932369906e-23 1.26905317146e-23
0.000111177424693 1.00866553598e-11 -9.90615262624e-12 -0.000219469948544 -9.90615262624e-24 1.00866553598e-23
7.99138074119e-05 7.24511006885e-12 -7.0783901936e-12 -0.000156709900602 -7.0783901936e-24 7.24511006885e-24
4.64810019022e-05 4.21085211823e-12 -4.0529294584e-12 -8.96606187855e-05 -4.0529294584e-24 4.21085211823e-24
1.14143022669e-05 1.03323533287e-12 -8.77508009302e-13 -1.93971826126e-05 -8.77508009302e-25 1.03323533287e-24
-2.47087382014e-05 -2.2348353519e-12 2.39608025793e-12 5.29216788789e-05 2.39608025793e-24 -2.2348353519e-24
-6.12778050121e-05 -5.53782166678e-12 5.71278914284e-12 0.00012607266901 5.71278914284e-24 -5.53782166678e-24
-9.76601323199e-05 -8.81852210307e-12 9.0152175539e-12 0.000198788613127 9.0152175539e-24 -8.81852210307e-24
-0.000133211450486 -1.20190750015e-11 1.22445883979e-11 0.000269780406186 1.22445883979e-23 -1.20190750015e-23
-0.000167287381973 -1.50819755804e-11 1.53417940603e-11 0.000337759838165 1.53417940603e-23 -1.50819755804e-23
-0.000199255084227 -1.79510886063e-11 1.82484906792e-11 0.00040146289362 1.82484906792e-23 -1.79510886063e-23
-0.000228504929754 -2.05726395586e-11 2.09082206876e-11 0.000459673105187 2.09082206876e-23 -2.05726395586e-23
-0.000254462008976 -2.28961685583e-11 2.32675407142e-11 0.00051124453193 2.32675407142e-23 -2.28961685583e-23
-0.00027659724071 -2.48754329057e-11 2.52771300581e-11 0.000555123932315 2.52771300581e-23 -2.48754329057e-23
-0.000294437878359 -2.64692456876e-11 2.6892853738e-11 0.000590371708556 2.6892853738e-23 -2.64692456876e-23
-0.000307577207201 -2.76422394715e-11 2.80767537028e-11 0.000616181213926 2.80767537028e-23 -2.76422394715e-23
-0.000315683239322 -2.83655455172e-11 2.87979422677e-11 0.000631896037426 2.87979422677e-23 -2.83655455172e-23
-0.000318506227712 -2.86173801644e-11 2.90333732812e-11 0.000637024910462 2.90333732812e-23 -2.86173801644e-23
-0.000315884839597 -2.83835310482e-11 2.87684689208e-11 0.000631253917594 2.87684689208e-23 -2.83835310482e-23
-0.000307750850851 -2.7657736578e-11 2.79975833253e-11 0.000614455737324 2.79975833253e-23 -2.7657736578e-23
-0.000294132248088 -2.64419527053e-11 2.67242883813e-11 0.000586695688591 2.67242883813e-23 -2.64419527053e-23
-0.000275154652245 -2.47465014616e-11 2.49614717366e-11 0.000548234413348 2.49614717366e-23 -2.47465014616e-23
-0.000251041006748 -2.25900961539e-11 2.27312423135e-11 0.000499527084288 2.27312423135e-23 -2.25900961539e-23
-0.000222109504157 -1.99997385499e-11 2.00646439966e-11 0.000441219088527 2.00646439966e-23 -1.99997385499e-23
-0.000188769756971 -1.70104839747e-11 1.70011835449e-11 0.000374138201695 1.70011835449e-23 -1.70104839747e-23
-0.000151517250473 -1.36650710863e-11 1.35881838549e-11 0.000299283331302 1.35881838549e-23 -1.36650710863e-23
-0.00011092614753 -1.00134142863e-11 9.87997827294e-12 0.000217809972237 9.87997827294e-24 -1.00134142863e-23
-6.76405465025e-05 -6.11195834659e-12 5.93696551629e-12 0.000131012579681 5.93696551629e-24 -6.11195834659e-24
-2.23643233409e-05 -2.02289694597e-12 1.82454777282e-12 4.03041243733e-05 1.82454777282e-24 -2.02289694597e-24
2.41502830991e-05 2.18674056973e-12 -2.3880233873e-12 -5.28068491345e-05 -2.3880233873e-24 2.18674056973e-24
7.1115157967e-05 6.44612677232e-12 -6.62886756055e-12 -0.00014674128979 -6.62886756055e-24 6.44612677232e-24
0.000117719662473 1.06817871022e-11 -1.08247366445e-11 -0.000239876416767 -1.08247366445e-23 1.06817871022e-23
0.000163144624903 1.48188493374e-11 -1.49022913938e-11 -0.000330573751565 -1.49022913938e-23 1.48188493374e-23
0.000206576729143 1.87823726939e-11 -1.87893696728e-11 -0.000417207921303 -1.87893696728e-23 1.87823726939e-23
0.000247223048139 2.24987336598e-11 -2.24162246875e-11 -0.000498195727222 -2.24162246875e-23 2.24987336598e-23
0.000284325463067 2.58970419082e-11 -2.57167138663e-11 -0.000572024959508 -2.57167138663e-23 2.58970419082e-23
0.00031717470692 2.89105563663e-11 -2.86294216377e-11 -0.000637282435863 -2.86294216377e-23 2.89105563663e-23
0.000345123773873 3.14780690003e-11 -3.10987019439e-11 -0.000692680747069 -3.10987019439e-23 3.14780690003e-23
0.000367600443204 3.3545222314e-11 -3.30756287628e-11 -0.000737083207994 -3.30756287628e-23 3.3545222314e-23
0.000384118678612 3.5065726167e-11 -3.45188450644e-11 -0.00076952653713 -3.45188450644e-23 3.5065726167e-23
0.000394288680358 3.6002440412e-11 -3.53953023961e-11 -0.000789240821325 -3.53953023961e-23 3.6002440412e-23
0.000397825388544 3.6328292118e-11 -3.56808846313e-11 -0.000795666364512 -3.56808846313e-23 3.6328292118e-23
0.000394555260655 3.60269997518e-11 -3.53609103096e-11 -0.000788467069272 -3.53609103096e-23 3.60269997518e-23
0.000384421174885 3.50935815521e-11 -3.44305084878e-11 -0.00076754005716 -3.44305084878e-23 3.50935815521e-23
0.000367485342264 3.35346312572e-11 -3.2894863177e-11 -0.000733021296976 -3.2894863177e-23 3.35346312572e-23
0.000343930144653 3.13683510772e-11 -3.07693213722e-11 -0.000685287078502 -3.07693213722e-23 3.13683510772e-23
0.000314056851712 2.86243390296e-11 -2.80793595302e-11 -0.000624951241458 -2.80793595302e-23 2.86243390296e-23
0.000278282207365 2.53431351176e-11 -2.48604032647e-11 -0.000552858144353 -2.48604032647e-23 2.53431351176e-23
0.000237132914361 2.15755379653e-11 -2.11574951786e-11 -0.000470071434119 -2.11574951786e-23 2.15755379653e-23
0.000191238083674 1.73817100822e-11 -1.70248062986e-11 -0.000377858753654 -1.70248062986e-23 1.73817100822e-23
0.00014131975293 1.28300955947e-11 -1.25249876632e-11 -0.000277672599178 -1.25249876632e-23 1.28300955947e-23
8.81816141391e-05 7.99617881437e-12 -7.72836036522e-12 -0.000171127611384 -7.72836036522e-24 7.99617881437e-24
3.26961250973e-05 2.9611152378e-12 -2.71194484357e-12 -5.99746522258e-05 -2.71194484357e-24 2.9611152378e-24
-2.42097897762e-05 -2.18973159467e-12 2.4416665173e-12 5.39279182282e-05 2.4416665173e-24 -2.18973159467e-24
-8.157021527e-05 -7.36831349388e-12 7.64558541029e-12 0.000168645294553 7.64558541029e-24 -7.36831349388e-24
-0.000138396639649 -1.24854482136e-11 1.28100395225e-11 0.000282199089748 1.28100395225e-23 -1.24854482136e-23
-0.000193694989127 -1.74523661242e-11 1.78439024714e-11 0.000392601451858 1.78439024714e-23 -1.74523661242e-23
-0.00024648300901 -2.2182224689e-11 2.26563184801e-11 0.000497889845142 2.26563184801e-23 -2.2182224689e-23
-0.000295807687743 -2.65915659216e-11 2.715839313e-11 0.000596161887528 2.715839313e-23 -2.65915659216e-23
-0.000340762415175 -3.06016958111e-11 3.12649165004e-11 0.000685609626746 3.12649165004e-23 -3.06016958111e-23
-0.000380503566868 -3.41399685786e-11 3.4896080671e-11 0.000764552639144 3.4896080671e-23 -3.41399685786e-23
-0.000414266212356 -3.71409623196e-11 3.79791502775e-11 0.000831469347814 3.79791502775e-23 -3.71409623196e-23
-0.000441378656793 -3.95475358889e-11 4.04500428863e-11 0.00088502598028 4.04500428863e-23 -3.95475358889e-23
-0.000461275542296 -4.13117596128e-11 4.22547756456e-11 0.000924102620254 4.22547756456e-23 -4.13117596128e-23
-0.000473509257301 -4.23957144865e-11 4.33507361632e-11 0.000947815852429 4.33507361632e-23 -4.23957144865e-23
-0.000477759429025 -4.27721558613e-11 4.37077389094e-11 0.000955537553266 4.37077389094e-23 -4.27721558613e-23
-0.00047384030521 -4.24250382852e-11 4.33088336148e-11 0.000946909443365 4.33088336148e-23 -4.24250382852e-23
-0.000461705866373 -4.13498981876e-11 4.21508389389e-11 0.000921853087337 4.21508389389e-23 -4.13498981876e-23
-0.000441452547957 -3.95540906342e-11 4.02445828462e-11 0.000880575103842 4.02445828462e-23 -3.95540906342e-23
-0.000413319492747 -3.70568755801e-11 3.76148402472e-11 0.000823567430487 3.76148402472e-23 -3.70568755801e-23
-0.000377686296639 -3.38893481276e-11 3.42999680755e-11 0.000751602574024 3.42999680755e-23 -3.38893481276e-23
-0.000335068254919 -3.00942064739e-11 3.03512475795e-11 0.000665723864354 3.03512475795e-23 -3.00942064739e-23
-0.000286109160588 -2.57253507413e-11 2.58319526959e-11 0.000567230819711 2.58319526959e-23 -2.57253507413e-23
-0.00023157175031 -2.08473059538e-11 2.08161714748e-11 0.000457659818376 2.08161714748e-23 -2.08473059538e-23
-0.00017232593647 -1.5534463257e-11 1.5387414243e-11 0.000338760357908 1.5387414243e-23 -1.5534463257e-23
-0.000109335004727 -9.87013524463e-12 9.63704722468e-12 0.000212467264504 9.63704722468e-24 -9.87013524463e-24
-4.36399947233e-05 -3.94542407109e-12 3.66259351101e-12 8.08692913378e-05 3.66259351101e-24 -3.94542407109e-24
2.36574835587e-05 2.14209506272e-12 -2.43405546905e-12 -5.38253860075e-05 -2.43405546905e-24 2.14209506272e-24
9.14137145473e-05 8.28986749642e-12 -8.54847539704e-12 -0.000189326207735 -8.54847539704e-24 8.28986749642e-24
0.000158462313563 1.43920163135e-11 -1.45755510673e-11 -0.000323299180668 -1.45755510673e-23 1.43920163135e-23
0.000223634304746 2.03411430857e-11 -2.0411288152e-11 -0.000453407079399 -2.0411288152e-23 2.03411430857e-23
0.000285778494822 2.60302450534e-11 -2.595456252e-11 -0.000577350205325 -2.595456252e-23 2.60302450534e-23
0.00034378178774 3.13547145827e-11 -3.11087801088e-11 -0.000692906993061 -3.11087801088e-23 3.13547145827e-23
0.000396589082016 3.62143801025e-11 -3.57834257843e-11 -0.000797973747885 -3.57834257843e-23 3.62143801025e-23
0.000443222395784 4.05155419817e-11 -3.98954849295e-11 -0.000890602804785 -3.98954849295e-23 4.05155419817e-23
0.000482798873938 4.41729524289e-11 -4.33707263376e-11 -0.000969038419167 -4.33707263376e-23 4.41729524289e-23
0.000514547347506 4.71116859099e-11 -4.61448391032e-11 -0.00103174973121 -4.61448391032e-23 4.71116859099e-23
0.000537823137022 4.92688461413e-11 -4.81644194106e-11 -0.00107746018985 -4.81644194106e-23 4.92688461413e-23
0.000552120819103 5.05950576486e-11 -4.93878053064e-11 -0.00110517287762 -4.93878053064e-23 5.05950576486e-23
0.000557084708073 5.1055694274e-11 -4.97857586994e-11 -0.0011141912435 -4.97857586994e-23 5.1055694274e-23
0.000552516841937 5.06318037908e-11 -4.93419940019e-11 -0.00110413482613 -4.93419940019e-23 5.06318037908e-23
0.000538382303528 4.93206966842e-11 -4.80535521477e-11 -0.00107494963317 -4.80535521477e-23 4.93206966842e-23
0.000514811752709 4.7136177775e-11 -4.59310173839e-11 -0.00102691293313 -4.59310173839e-23 4.7136177775e-23
0.000482101093186 4.4108411161e-11 -4.29985724786e-11 -0.000960632311452 -4.29985724786e-23 4.4108411161e-23
0.00044070824709 4.0283421272e-11 -3.92938860914e-11 -0.000877038941916 -3.92938860914e-23 4.0283421272e-23
0.000391247061071 3.57222450203e-11 -3.48678243317e-11 -0.000777375125816 -3.48678243317e-23 3.57222450203e-23
0.000334478418379 3.04997613719e-11 -2.97839772771e-11 -0.000663176252686 -2.97839772771e-23 3.04997613719e-23
0.000271298681371 2.47032345776e-11 -2.41179907529e-11 -0.000536247436196 -2.41179907529e-23 2.47032345776e-23
0.00020272563719 1.84306152637e-11 -1.79566942445e-11 -0.000398635175238 -1.79566942445e-23 1.84306152637e-23
0.000129882165142 1.17886492331e-11 -1.13970176507e-11 -0.000252594481517 -1.13970176507e-23 1.17886492331e-23
5.39778867194e-05 4.89084699086e-12 -4.54469283349e-12 -0.000100551999424 -4.54469283349e-24 4.89084699086e-24
-2.37109025341e-05 -2.14463235011e-12 2.48725935819e-12 5.49342799413e-05 2.48725935819e-24 -2.14463235011e-24
-0.000101862686686 -9.19713082822e-12 9.58024976935e-12 0.000211218042409 9.58024976935e-24 -9.19713082822e-24
-0.000179133208111 -1.61456268627e-11 1.66120350955e-11 0.000365609688631 1.66120350955e-23 -1.61456268627e-23
-0.000254178588876 -2.28708131484e-11 2.34588029088e-11 0.000515422619741 2.34588029088e-23 -2.28708131484e-23
-0.000325678697129 -2.92570809476e-11 2.99973960011e-11 0.00065801997428 2.99973960011e-23 -2.92570809476e-23
-0.000392360352316 -3.51943816591e-11 3.61076354909e-11 0.000790861003546 3.61076354909e-23 -3.51943816591e-23
-0.000453019961628 -4.05799438044e-11 4.1674693666e-11 0.000911546270364 4.1674693666e-23 -4.05799438044e-23
-0.000506545185765 -4.5319830444e-11 4.65914602172e-11 0.00101786086837 4.65914602172e-23 -4.5319830444e-23
-0.000551935244983 -4.93303281421e-11 5.0760839978e-11 0.00110781488527 5.0760839978e-23 -4.93303281421e-23
-0.000588319496183 -5.25391636079e-11 5.40979170751e-11 0.00117968037391 5.40979170751e-23 -5.25391636079e-23
-0.00061497393832 -5.48865478513e-11 5.65319199734e-11 0.00123202414844 5.65319199734e-23 -5.48865478513e-23
-0.000631335336184 -5.63260500004e-11 5.80079245437e-11 0.00126373578924 5.80079245437e-23 -5.63260500004e-23
-0.000637012691215 -5.68253038374e-11 5.84882380861e-11 0.00127405031782 5.84882380861e-23 -5.68253038374e-23
-0.000631795831676 -5.63665497184e-11 5.79534160669e-11 0.00126256509084 5.79534160669e-23 -5.63665497184e-23
-0.000615660942721 -5.49470130428e-11 5.64028748095e-11 0.001229250559 5.64028748095e-23 -5.49470130428e-23
-0.000588772908628 -5.25791180839e-11 5.38550769577e-11 0.00117445464069 5.38550769577e-23 -5.25791180839e-23
-0.000551484394026 -4.92905331077e-11 5.03472814486e-11 0.00109890056918 5.03472814486e-23 -4.92905331077e-23
-0.000504331647281 -4.51240396535e-11 4.59348651553e-11 0.00100367818526 4.59348651553e-23 -4.51240396535e-23
-0.000448027066408 -4.01372160108e-11 4.06902383673e-11 0.000890228761631 4.06902383673e-23 -4.01372160108e-23
-0.000383448624906 -3.44019227027e-11 3.47013900224e-11 0.000760323559126 3.47013900224e-23 -3.44019227027e-23
-0.000311626310823 -2.80035765476e-11 2.80701102882e-11 0.000616036426799 2.80701102882e-23 -2.80035765476e-23
-0.000233725786061 -2.10401999767e-11 2.09099471333e-11 0.000459710864878 2.09099471333e-23 -2.10401999767e-23
-0.000151029523576 -1.36212339976e-11 1.33439594983e-11 0.000293922070576 1.33439594983e-23 -1.36212339976e-23
-6.49157267057e-05 -5.86610673789e-12 5.5023324148e-12 0.0001214345795 5.5023324148e-24 -5.86610673789e-24
2.31646234434e-05 2.09744506359e-12 -2.48008101508e-12 -5.48438017333e-05 -2.48008101508e-24 2.09744506359e-24
0.000111712210578 1.01352969425e-11 -1.04662292086e-11 -0.000231911004582 -1.04662292086e-23 1.01352969425e-23
0.000199204904129 1.81090863327e-11 -1.83192874792e-11 -0.000406721823523 -1.83192874792e-23 1.81090863327e-23
0.000284123924089 2.58785670052e-11 -2.5904991067e-11 -0.000576240286236 -2.5904991067e-23 2.58785670052e-23
0.000364980200027 3.33041333035e-11 -3.30938365423e-11 -0.000737492368402 -3.30938365423e-23 3.33041333035e-23
0.000440340466891 4.02494678964e-11 -3.97631216635e-11 -0.000887618138005 -3.97631216635e-23 4.02494678964e-23
0.000508852640542 4.65842560759e-11 -4.57988030039e-11 -0.00102392241542 -4.57988030039e-23 4.65842560759e-23
0.00056927002425 5.2186900317e-11 -5.10971591697e-11 -0.00114392305291 -5.10971591697e-23 5.2186900317e-23
0.00062047391363 5.69471616708e-11 -5.55662547478e-11 -0.00124539597052 -5.55662547478e-23 5.69471616708e-23
0.00066149419146 6.07686503164e-11 -5.91272058995e-11 -0.00132641613374 -5.91272058995e-23 6.07686503164e-23
0.00069152753511 6.3571086823e-11 -6.17152525291e-11 -0.00138539372192 -6.17152525291e-23 6.3571086823e-23
0.00070995289755 6.52922587506e-11 -6.32806441372e-11 -0.00142110481332 -6.32806441372e-23 6.52922587506e-23
0.00071634396733 6.58896042569e-11 -6.37893468597e-11 -0.00143271600196 -6.37893468597e-23 6.58896042569e-23
0.000710478362972 6.53413652018e-11 -6.32235779566e-11 -0.00141980246251 -6.32235779566e-23 6.53413652018e-23
0.00069234337195 6.36472663882e-11 -6.15821714173e-11 -0.00138235908874 -6.15821714173e-23 6.36472663882e-23
0.000662138102958 6.08286942965e-11 -5.88807747259e-11 -0.00132080444889 -5.88807747259e-23 6.08286942965e-23
0.000620271981549 5.69283670226e-11 -5.51518725999e-11 -0.00123597742406 -5.51518725999e-23 5.69283670226e-23
0.000567359582323 5.20095059983e-11 -5.0444629118e-11 -0.00112912652208 -5.0444629118e-23 5.20095059983e-23
0.000504211854657 4.61545383303e-11 -4.48245355745e-11 -0.00100189198704 -4.48245355745e-23 4.61545383303e-23
0.000431823862302 3.94633751206e-11 -3.83728481213e-11 -0.000856280951062 -3.83728481213e-23 3.94633751206e-23
0.000351359218997 3.20513249817e-11 -3.11857972409e-11 -0.000694635998598 -3.11857972409e-23 3.20513249817e-23
0.000264131461403 2.40467123783e-11 -2.33735507724e-11 -0.000519597631207 -2.33735507724e-23 2.40467123783e-23
0.000171582656124 1.55882769563e-11 -1.50589139172e-11 -0.00033406123161 -1.50589139172e-23 1.55882769563e-23
7.52595883453e-05 6.82243247558e-12 -6.37575364827e-12 -0.000141129226633 -6.37575364827e-24 6.82243247558e-24
-2.32120752634e-05 -2.09953750904e-12 2.53285867119e-12 5.59407615946e-05 2.53285867119e-24 -2.09953750904e-24
-0.000122155218048 -1.10242750875e-11 1.15167839207e-11 0.000253790910156 1.15167839207e-23 -1.10242750875e-23
-0.000219869836494 -1.97990703477e-11 2.04212177335e-11 0.000449020407355 2.04212177335e-23 -1.97990703477e-23
-0.000314662248522 -2.82744565064e-11 2.90893330008e-11 0.000638243907415 2.90893330008e-23 -2.82744565064e-23
-0.000404874445119 -3.63066350424e-11 3.73651229248e-11 0.000818150223157 3.73651229248e-23 -3.63066350424e-23
-0.000488913076735 -4.37596998451e-11 4.50963913726e-11 0.000985560239254 4.50963913726e-23 -4.37596998451e-23
-0.000565277567902 -5.05076408044e-11 5.21378241598e-11 0.00113748303362 5.21378241598e-23 -5.05076408044e-23
-0.000632586864459 -5.64361176035e-11 5.83540634593e-11 0.00127116921718 5.83540634593e-23 -5.64361176035e-23
-0.000689604337381 -6.14440031762e-11 6.3622698784e-11 0.00138416054226 6.3622698784e-23 -6.14440031762e-23
-0.00073526039532 -6.54447029668e-11 6.78370828283e-11 0.00147433488703 6.78370828283e-23 -6.54447029668e-23
-0.000768672394066 -6.8367260551e-11 7.09088796041e-11 0.00153994579606 7.09088796041e-23 -6.8367260551e-23
-0.000789161474765 -7.01572622931e-11 7.27702562106e-11 0.00157965584544 7.27702562106e-23 -7.01572622931e-23
-0.000796266013078 -7.07775536103e-11 7.33756383587e-11 0.00159256320172 7.33756383587e-23 -7.07775536103e-23
-0.000789751417789 -7.02087773187e-11 7.27029631832e-11 0.00157822085761 7.27029631832e-23 -7.02087773187e-23
-0.000769616078692 -6.84497407864e-11 7.0754380284e-11 0.00153664814991 7.0754380284e-23 -6.84497407864e-23
-0.000736093328896 -6.55176136318e-11 6.75563724009e-11 0.00146833429674 6.75563724009e-23 -6.55176136318e-23
-0.000689649354876 -6.14479519928e-11 6.31592894001e-11 0.00137423382701 6.31592894001e-23 -6.14479519928e-23
-0.00063097705747 -5.62945394734e-11 5.76363119624e-11 0.00125575391559 5.76363119624e-23 -5.62945394734e-23
-0.000560985937418 -5.01290293455e-11 5.10818830724e-11 0.00111473377795 5.10818830724e-23 -5.01290293455e-23
-0.00048078814872 -4.30403680035e-11 4.36096647579e-11 0.000953416417534 4.36096647579e-23 -4.30403680035e-23
-0.000391680930808 -3.51339766041e-11 3.53500933788e-11 0.000774413154165 3.53500933788e-23 -3.51339766041e-23
-0.000295125695099 -2.65306667903e-11 2.64476182323e-11 0.000580661490741 2.64476182323e-23 -2.65306667903e-23
-0.000192724101849 -1.73652678184e-11 1.70577148473e-11 0.000375376995491 1.70577148473e-23 -1.73652678184e-23
-8.61915180863e-05 -7.78494660236e-12 7.3437659398e-12 0.000161999986457 7.3437659398e-24 -7.78494660236e-24
2.26717039543e-05 2.0527906815e-12 -2.52610013434e-12 -5.58620987137e-05 -2.52610013434e-24 2.0527906815e-24
0.000132010647259 1.19824167614e-11 -1.23821308992e-11 -0.000274495682734 -1.23821308992e-23 1.19824167614e-23
0.00023994743537 2.18330098723e-11 -2.20559593544e-11 -0.000490144347732 -2.20559593544e-23 2.18330098723e-23
0.000344613484132 3.14311626451e-11 -3.1383442719e-11 -0.000699073374477 -3.1383442719e-23 3.14311626451e-23
0.000444181845956 4.06041309177e-11 -4.02072856222e-11 -0.00089763441293 -4.02072856222e-23 4.06041309177e-23
0.000536899086791 4.91831634371e-11 -4.83794174751e-11 -0.00108232916445 -4.83794174751e-23 4.91831634371e-23
0.000621116139841 5.70069374434e-11 -5.57631074365e-11 -0.0012498709645 -5.57631074365e-23 5.70069374434e-23
0.000695317593513 6.39250110591e-11 -6.22348124971e-11 -0.00139724318264 -6.22348124971e-23 6.39250110591e-23
0.000758148894145 6.98011924816e-11 -6.76857641396e-11 -0.00152175340353 -6.76857641396e-23 6.98011924816e-23
0.000808440976261 7.4516719332e-11 -7.20233063577e-11 -0.00162108241796 -7.20233063577e-23 7.4516719332e-23
0.00084523187407 7.79731400285e-11 -7.51720023492e-11 -0.00169332713575 -7.51720023492e-23 7.79731400285e-23
0.000867784916895 8.00947933324e-11 -7.70745289053e-11 -0.00173703663081 -7.70745289053e-23 8.00947933324e-23
0.000875603167508 8.08307923975e-11 -7.76923765794e-11 -0.00175124064225 -7.76923765794e-23 8.08307923975e-23
0.000868439824954 8.01564354604e-11 -7.70063704288e-11 -0.00173546998077 -7.70063704288e-23 8.01564354604e-23
0.000846304381343 7.80739859736e-11 -7.5017020914e-11 -0.00168976842625 -7.5017020914e-23 7.80739859736e-23
0.000809464394203 7.46127893226e-11 -7.17447079356e-11 -0.00161469584665 -7.17447079356e-23 7.46127893226e-23
0.000758442810932 6.98287197831e-11 -6.72296935745e-11 -0.00151132241872 -6.72296935745e-23 6.98287197831e-23
0.000694010858601 6.3802978338e-11 -6.15319515186e-11 -0.00138121398435 -6.15319515186e-23 6.3802978338e-23
0.000617176589312 5.66402876458e-11 -5.47307940828e-11 -0.0012264087304 -5.47307940828e-23 5.66402876458e-23
0.000529169247319 4.84665531611e-11 -4.69242718237e-11 -0.00104938553163 -4.69242718237e-23 4.84665531611e-23
0.000431419697742 3.94260777777e-11 -3.82283166847e-11 -0.00085302444324 -3.82283166847e-23 3.94260777777e-23
0.00032553722676 2.967843036e-11 -2.87755979671e-11 -0.000640559969464 -2.87755979671e-23 2.967843036e-23
0.000213283088274 1.93950755897e-11 -1.87140617414e-11 -0.00041552786404 -1.87140617414e-23 1.93950755897e-23
9.65412311633e-05 8.75587357543e-12 -8.20512895312e-12 -0.000181706336227 -8.20512895312e-24 8.75587357543e-24
-2.27133067763e-05 -2.05444696443e-12 2.5784643491e-12 5.69473608129e-05 2.5784643491e-24 -2.05444696443e-24
-0.00014244780817 -1.28497476907e-11 1.34551895684e-11 0.000296363895419 1.34551895684e-23 -1.28497476907e-23
-0.000260606523613 -2.34457909462e-11 2.42376009241e-11 0.000532431243546 2.42376009241e-23 -2.34457909462e-23
-0.000375145966879 -3.36633365228e-11 3.47355361604e-11 0.000761065312506 3.47355361604e-23 -3.36633365228e-23
-0.000484070251796 -4.33309773388e-11 4.47595959037e-11 0.000978280589404 4.47595959037e-23 -4.33309773388e-23
-0.000585465859817 -5.22876837946e-11 5.41248351531e-11 0.00118025959228 5.41248351531e-23 -5.22876837946e-23
-0.000677535232815 -6.03850427779e-11 6.2654581352e-11 0.00136341991415 6.2654581352e-23 -6.03850427779e-23
-0.000758628601766 -6.74891914437e-11 7.01842767127e-11 0.00152447768321 7.01842767127e-23 -6.74891914437e-23
-0.000827273488369 -7.34824572941e-11 7.6565229455e-11 0.00166050631644 7.6565229455e-23 -7.34824572941e-23
-0.000882201353021 -7.82647242884e-11 8.16681507273e-11 0.00176898951728 8.16681507273e-23 -7.82647242884e-23
-0.000922370908351 -8.17545495323e-11 8.53863523005e-11 0.00184786756076 8.53863523005e-23 -8.17545495323e-23
-0.00094698767186 -8.38900565499e-11 8.76384853374e-11 0.00189557601866 8.76384853374e-23 -8.38900565499e-23
-0.000955519393431 -8.46296294649e-11 8.83707128265e-11 0.0019110762026 8.83707128265e-23 -8.46296294649e-23
-0.000947707062368 -8.39524279921e-11 8.75582272237e-11 0.0018938767413 8.75582272237e-23 -8.39524279921e-23
-0.000923571273104 -8.18587364867e-11 8.52060495206e-11 0.0018440458577 8.52060495206e-23 -8.18587364867e-23
-0.00088341380758 -7.83701520161e-11 8.1349074876e-11 0.00176221406962 8.1349074876e-23 -7.83701520161e-23
-0.00082781437412 -7.35296072098e-11 7.60513612491e-11 0.00164956720163 7.60513612491e-23 -7.35296072098e-23
-0.000757622526028 -6.74012142268e-11 6.94046890721e-11 0.00150782976266 6.94046890721e-23 -6.74012142268e-23
-0.000673944866772 -6.00699073304e-11 6.15264497662e-11 0.00133923891096 6.15264497662e-23 -6.00699073304e-23
-0.000578127730855 -5.16408540532e-11 5.2556946878e-11 0.00114650939258 5.2556946878e-23 -5.16408540532e-23
-0.000471735609088 -4.22385995239e-11 4.26562141661e-11 0.000932789998122 4.26562141661e-23 -4.22385995239e-23
-0.000356525662409 -3.20059059288e-11 3.20004689433e-11 0.000701612233147 3.20004689433e-23 -3.20059059288e-23
-0.000234418738368 -2.1102249898e-11 2.07783258067e-11 0.000456832036899 2.07783258067e-23 -2.1102249898e-23
-0.00010746736769 -9.70194532158e-12 9.18689554507e-12 0.000202565509859 9.18689554507e-24 -9.70194532158e-24
2.21787262658e-05 2.00813202317e-12 -2.57211293337e-12 -5.68802792978e-05 -2.57211293337e-24 2.00813202317e-24
0.000152309025765 1.38312286035e-11 -1.4296182368e-11 -0.000317080244538 -1.4296182368e-23 1.38312286035e-23
0.000280689908459 2.55637996662e-11 -2.57855801388e-11 -0.000573566755641 -2.57855801388e-23 2.55637996662e-23
0.000405102986048 3.69989716669e-11 -3.68466855663e-11 -0.000821906346466 -3.68466855663e-23 3.69989716669e-23
0.000523383433781 4.79303317037e-11 -4.72950032989e-11 -0.00105777634126 -4.72950032989e-23 4.79303317037e-23
0.000633457648612 5.81559717832e-11 -5.69578349243e-11 -0.00127704007474 -5.69578349243e-23 5.81559717832e-23
0.000733379581085 6.74826931817e-11 -6.56765996534e-11 -0.00147581939748 -6.56765996534e-23 6.74826931817e-23
0.000821365104746 7.57302560657e-11 -7.33088109422e-11 -0.00165056319631 -7.33088109422e-23 7.57302560657e-23
0.000895823816653 8.27355437142e-11 -7.97297285003e-11 -0.00179811072052 -7.97297285003e-23 8.27355437142e-23
0.00095538770308 8.83565007825e-11 -8.48337138434e-11 -0.00191574858622 -8.48337138434e-23 8.83565007825e-23
0.000998936155071 9.24757024018e-11 -8.85353222271e-11 -0.00200126043366 -8.85353222271e-23 9.24757024018e-23
0.00102561687831 9.50034163802e-11 -9.07701645649e-11 -0.00205296833244 -9.07701645649e-23 9.50034163802e-23
0.00103486230978 9.58800345971e-11 -9.1495570097e-11 -0.00206976516673 -9.1495570097e-23 9.58800345971e-23
0.00102640122905 9.50777714323e-11 -9.06910746283e-11 -0.00205113738327 -9.06910746283e-23 9.50777714323e-23
0.00100026533288 9.26015556099e-11 -8.83587507128e-11 -0.00199717764804 -8.83587507128e-23 9.26015556099e-23
0.000956790627612 8.84890754233e-11 -8.4523385945e-11 -0.00190858712873 -8.4523385945e-23 8.84890754233e-23
0.000896613582503 8.2809973705e-11 -7.92325043055e-11 -0.00178666729774 -7.92325043055e-23 8.2809973705e-23
0.00082066207709 7.56642256328e-11 -7.25562141337e-11 -0.00163330133103 -7.25562141337e-23 7.56642256328e-23
0.000730141266204 6.71797669611e-11 -6.45868556394e-11 -0.00145092535824 -6.45868556394e-23 6.71797669611e-23
0.000626514574596 5.75094702096e-11 -5.54384117776e-11 -0.00124248999672 -5.54384117776e-23 5.75094702096e-23
0.000511480118771 4.68275897975e-11 -4.52456396773e-11 -0.00101141277245 -4.52456396773e-23 4.68275897975e-23
0.000386942934424 3.53258127495e-11 -3.41628764343e-11 -0.000761522192339 -3.41628764343e-23 3.53258127495e-23
0.000254983462756 2.32090587631e-11 -2.23624736735e-11 -0.000496994381135 -2.23624736735e-23 2.32090587631e-23
0.000117822816337 1.06911721737e-11 -1.00328204092e-11 -0.000222283330534 -1.00328204092e-23 1.06911721737e-23
-2.22145959099e-05 -2.00936061148e-12 2.62407628691e-12 5.79540752704e-05 2.62407628691e-24 -2.00936061148e-24
-0.000162740455888 -1.46735500577e-11 1.53954684204e-11 0.000338936995873 1.53954684204e-23 -1.46735500577e-23
-0.000301343268304 -2.70858009157e-11 2.80611981822e-11 0.000615842194879 2.80611981822e-23 -2.70858009157e-23
-0.000435629742784 -3.90374934153e-11 4.03974559227e-11 0.000883886832693 4.03974559227e-23 -3.90374934153e-23
-0.000563266115999 -5.03301978825e-11 5.21809119421e-11 0.0011384110707 5.21809119421e-23 -5.03301978825e-23
-0.0006820187004 -6.07784961145e-11 6.31931419814e-11 0.00137495906031 6.31931419814e-23 -6.07784961145e-23
-0.000789792955204 -7.02124043985e-11 7.32252400149e-11 0.00158935690963 7.32252400149e-23 -7.02124043985e-23
-0.000884670396527 -7.84794113003e-11 8.20824885136e-11 0.00177778626415 8.20824885136e-23 -7.84794113003e-23
-0.000964942696786 -8.54461574544e-11 8.95889379039e-11 0.00193685220546 8.95889379039e-23 -8.54461574544e-23
-0.00102914236813 -9.09997941205e-11 9.55917354385e-11 0.00206364426233 9.55917354385e-23 -9.09997941205e-23
-0.00107606948002 -9.50490621029e-11 9.99650407042e-11 0.00215578944022 9.99650407042e-23 -9.50490621029e-23
-0.00110481392631 -9.75251329432e-11 1.02613371508e-10 0.0022114963066 1.02613371508e-22 -9.75251329432e-23
-0.00111477283112 -9.83822504907e-11 1.03474240181e-10 0.00222958931815 1.03474240181e-22 -9.83822504907e-23
-0.00110566276426 -9.75982036148e-11 1.02519965841e-10 0.00220953273962 1.02519965841e-22 -9.75982036148e-23
-0.0010775265248 -9.51746506699e-11 9.97585815231e-11 0.00215144368006 9.97585815231e-23 -9.51746506699e-23
-0.00103073434353 -9.11373041615e-11 9.52337941242e-11 0.00205609395702 9.52337941242e-23 -9.11373041615e-23
-0.0009659794506 -8.55359707775e-11 8.90239972502e-11 0.00192490069072 8.90239972502e-23 -8.55359707775e-23
-0.000884268051799 -7.84444284624e-11 8.12403792368e-11 0.00175990572415 8.12403792368e-23 -7.84444284624e-23
-0.000786903853316 -6.99601094922e-11 7.20242078864e-11 0.00156374415835 7.20242078864e-23 -6.99601094922e-23
-0.000675467370156 -6.02035475293e-11 6.15434071036e-11 0.00133960248196 6.15434071036e-23 -6.02035475293e-23
-0.000551790344511 -4.93175383737e-11 4.99885664058e-11 0.00109116695636 4.99885664058e-23 -4.93175383737e-23
-0.000417925686838 -3.74659595089e-11 3.75685407842e-11 0.000822563089788 3.75685407842e-23 -3.74659595089e-23
-0.000276113431983 -2.48321934051e-11 2.45058049362e-11 0.000538287192496 2.45058049362e-23 -2.48321934051e-23
-0.000128743274366 -1.16171045534e-11 1.10317226928e-11 0.000243131147401 1.10317226928e-23 -1.16171045534e-23
2.16856915297e-05 1.96346919327e-12 -2.61811951666e-12 -5.78983457889e-05 -2.61811951666e-24 1.96346919327e-24
0.000172607347247 1.5681734119e-11 -1.62083855103e-11 -0.000359664692296 -1.62083855103e-23 1.5681734119e-23
0.000321432324548 2.93014684705e-11 -2.95081632502e-11 -0.000656989049552 -2.95081632502e-23 2.93014684705e-23
0.000465592430987 4.2582035845e-11 -4.22947619466e-11 -0.000944739204505 -4.22947619466e-23 4.2582035845e-23
0.000602584964654 5.52828298047e-11 -5.43570827703e-11 -0.00121791815568 -5.43570827703e-23 5.52828298047e-23
0.000730016153504 6.71680642593e-11 -6.54985406525e-11 -0.00147175087118 -6.54985406525e-23 6.71680642593e-23
0.000845642965423 7.80117936365e-11 -7.55395388939e-11 -0.00170176771665 -7.55395388939e-23 7.80117936365e-23
0.000947412559098 8.76030193781e-11 -8.43195184392e-11 -0.00190388309622 -8.43195184392e-23 8.76030193781e-23
0.0010334986823 9.57507173381e-11 -9.16986188582e-11 -0.0020744679238 -9.16986188582e-23 9.57507173381e-23
0.00110233437306 1.02288606548e-10 -9.75589979079e-11 -0.00221041464082 -9.75589979079e-23 1.02288606548e-22
0.00115264037926 1.07079475448e-10 -1.01805860978e-10 -0.00230919361795 -1.01805860978e-22 1.07079475448e-22
0.00118344878293 1.10018888291e-10 -1.04368251045e-10 -0.00236889992051 -1.04368251045e-22 1.10018888291e-22
0.00119412139528 1.11038112368e-10 -1.0519964446e-10 -0.00238828957769 -1.0519964446e-22 1.11038112368e-22
0.00118436257641 1.10106135411e-10 -1.04278388756e-10 -0.00236680467229 -1.04278388756e-22 1.10106135411e-22
0.00115422622769 1.07230680361e-10 -1.01608006379e-10 -0.00230458675641 -1.01608006379e-22 1.07230680361e-22
0.00110411680433 1.02458169265e-10 -9.72173739116e-11 -0.00220247829744 -9.72173739116e-23 1.02458169265e-22
0.00103478429741 9.58726362133e-11 -9.11607707801e-11 -0.00206201206344 -9.11607707801e-23 9.58726362133e-23
0.000947313238936 8.75936374503e-11 -8.35177757472e-11 -0.00188538856443 -8.35177757472e-23 8.75936374503e-23
0.000843105886475 7.7773251674e-11 -7.43929747274e-11 -0.00167544187284 -7.43929747274e-23 7.7773251674e-23
0.000723859845277 6.65923017529e-11 -6.39154306605e-11 -0.00143559434861 -6.39154306605e-23 6.65923017529e-23
0.000591540483227 5.42559582239e-11 -5.22378564847e-11 -0.00116980098851 -5.22378564847e-23 5.42559582239e-23
0.000448348585539 4.09889032075e-11 -3.95354266657e-11 -0.000882484302115 -3.95354266657e-23 4.09889032075e-23
0.000296683780711 2.70302401307e-11 -2.60041622384e-11 -0.000578460785178 -2.60041622384e-23 2.70302401307e-23
0.000139104345007 1.26283301539e-11 -1.18588296738e-11 -0.000262860211838 -1.18588296738e-23 1.26283301539e-23
-2.17159415229e-05 -1.96427834734e-12 2.66969438159e-12 5.89609026845e-05 2.66969438159e-24 -1.96427834734e-24
-0.000183033160062 -1.64956836098e-11 1.73376221877e-11 0.000381510209236 1.73376221877e-23 -1.64956836098e-23
-0.000342080069429 -3.07191124941e-11 3.18920230495e-11 0.000699253259075 3.18920230495e-23 -3.07191124941e-23
-0.000496113575099 -4.43969672946e-11 4.60751359453e-11 0.0010067084657 4.60751359453e-23 -4.43969672946e-23
-0.000642462036587 -5.73043864003e-11 5.96291683978e-11 0.00129854166476 5.96291683978e-23 -5.73043864003e-23
-0.000778571597345 -6.92322987064e-11 7.23014877806e-11 0.00156965864106 7.23014877806e-23 -6.92322987064e-23
-0.000902050733933 -7.99899790538e-11 8.38500763295e-11 0.00181529401779 8.38500763295e-23 -7.99899790538e-23
-0.0010107122476 -8.94071344694e-11 9.40490896324e-11 0.00203109495772 9.40490896324e-23 -8.94071344694e-23
-0.00110261196149 -9.73355677202e-11 1.02694333218e-10 0.00221319820707 1.02694333218e-22 -9.73355677202e-23
-0.0011760834395 -1.03650475261e-10 1.0960845574e-10 0.00235829911992 1.0960845574e-22 -1.03650475261e-22
-0.00122976810793 -1.08251441089e-10 1.14645652369e-10 0.00246371143217 1.14645652369e-22 -1.08251441089e-22
-0.00126264023699 -1.11063186668e-10 1.17695679756e-10 0.00252741670698 1.17695679756e-22 -1.11063186668e-22
-0.001274026325 -1.12036130619e-10 1.18687004744e-10 0.00254810254608 1.18687004744e-22 -1.12036130619e-22
-0.00126361852232 -1.11146801069e-10 1.17588942117e-10 0.00252518885028 1.17588942117e-22 -1.11146801069e-22
-0.00123148183265 -1.0839812935e-10 1.14412680174e-10 0.00245884161472 1.14412680174e-22 -1.0839812935e-22
-0.0011780549356 -1.03819637204e-10 1.09211143955e-10 0.00234997395667 1.09211143955e-22 -1.03819637204e-22
-0.00110414458318 -9.74675117774e-11 1.02077700785e-10 0.00220023429202 1.02077700785e-22 -9.74675117774e-23
-0.00101091363365 -8.942454465e-11 9.31437673988e-11 0.0020119817978 9.31437673988e-23 -8.942454465e-23
-0.000899862895917 -7.9799894038e-11 8.25754282434e-11 0.00178824951784 8.25754282434e-23 -7.9799894038e-23
-0.000772807065489 -6.87286143802e-11 7.05692169038e-11 0.0015326956834 7.05692169038e-23 -6.87286143802e-23
-0.000631845135944 -5.63708858865e-11 5.73472441914e-11 0.00124954402662 5.73472441914e-23 -5.63708858865e-23
-0.000479325767253 -4.29108695335e-11 4.31518753881e-11 0.0009435140584 4.31518753881e-23 -4.29108695335e-23
-0.000317808181561 -2.85551114864e-11 2.824016482e-11 0.000619742460018 2.824016482e-23 -2.85551114864e-23
-0.000150019236981 -1.35304259564e-11 1.28782488482e-11 0.000283696896822 1.28782488482e-23 -1.35304259564e-23
2.11926008768e-05 1.91880229455e-12 -2.66411998677e-12 -5.89163004485e-05 -2.66411998677e-24 1.91880229455e-24
0.000192905612835 1.75339349577e-11 -1.81187422172e-11 -0.000402249028269 -1.81187422172e-23 1.75339349577e-23
0.000362174684767 3.30460290633e-11 -3.32237220785e-11 -0.000740411231725 -3.32237220785e-23 3.30460290633e-23
0.000526081820079 4.81803970668e-11 -4.7727714077e-11 -0.00106757195085 -4.7727714077e-23 4.81803970668e-23
0.000681786439703 6.26617197011e-11 -6.13936168939e-11 -0.00137805985846 -6.13936168939e-23 6.26617197011e-23
0.000826574602594 7.62196129391e-11 -7.40017005649e-11 -0.00166646155601 -7.40017005649e-23 7.62196129391e-23
0.000957906293984 8.85945105294e-11 -8.53521830713e-11 -0.00192771592426 -8.53521830713e-23 8.85945105294e-23
0.00107345995769 9.95436872332e-11 -9.52672968387e-11 -0.00215720288463 -9.52672968387e-23 9.95436872332e-23
0.00117117349222 1.08847218459e-10 -1.03592903302e-10 -0.00235082501562 -1.03592903302e-22 1.08847218459e-22
0.00124928098734 1.1631365259e-10 -1.10199724313e-10 -0.002505080584 -1.10199724313e-22 1.1631365259e-22
0.00130634454777 1.21785165568e-10 -1.1498426291e-10 -0.00261712669087 -1.1498426291e-22 1.21785165568e-22
0.00134128063189 1.25141974911e-10 -1.17869483284e-10 -0.00268483139725 -1.17869483284e-22 1.25141974911e-22
0.00135338042515 1.26305812875e-10 -1.18805311563e-10 -0.00270681387737 -1.18805311563e-22 1.26305812875e-22
0.00134232386815 1.25242295159e-10 -1.17769006039e-10 -0.00268247185009 -1.17769006039e-22 1.25242295159e-22
0.00130818706692 1.21962070218e-10 -1.14765428997e-10 -0.00261199575359 -1.14765428997e-22 1.21962070218e-22
0.00125144292548 1.16520691639e-10 -1.09827233243e-10 -0.002496369355 -1.09827233243e-22 1.16520691639e-22
0.00117295495676 1.09017217914e-10 -1.03014956087e-10 -0.00233735671805 -1.03014956087e-22 1.09017217914e-22
0.00107396434526 9.95916055958e-11 -9.44169930988e-11 -0.00213747568678 -9.44169930988e-23 9.95916055958e-23
0.000956070451247 8.84210185924e-11 -8.41494045368e-11 -0.00189995827644 -8.41494045368e-23 8.84210185924e-23
0.000821205060482 7.57152240512e-11 -7.23554904372e-11 -0.00162869858956 -7.23554904372e-23 7.57152240512e-23
0.00067160079223 6.17112805906e-11 -5.92050570466e-11 -0.00132818909368 -5.92050570466e-23 6.17112805906e-23
0.000509754181225 4.66677455149e-11 -4.48932890395e-11 -0.00100344630103 -4.48932890395e-23 4.66677455149e-23
0.00033838404326 3.08586333708e-11 -2.96391399351e-11 -0.000659927078411 -2.96391399351e-23 3.08586333708e-23
0.000160385818295 1.45673493995e-11 -1.36831584005e-11 -0.000303436982377 -1.36831584005e-23 1.45673493995e-23
-2.12173424962e-05 -1.91920007113e-12 2.71531853209e-12 5.99678408168e-05 2.71531853209e-24 -1.91920007113e-24
-0.000203325919574 -1.83161497689e-11 1.92816525849e-11 0.000424083533271 1.92816525849e-23 -1.83161497689e-23
-0.000382816925867 -3.4345737899e-11 3.57300890949e-11 0.000782664433897 3.57300890949e-23 -3.4345737899e-23
-0.000556597462706 -4.97417981647e-11 5.17686200084e-11 0.00112953020928 5.17686200084e-23 -4.97417981647e-23
-0.000721658012444 -6.4253632301e-11 6.71044629826e-11 0.00145867236936 6.71044629826e-23 -6.4253632301e-23
-0.000875124549536 -7.76492527696e-11 8.14500492516e-11 0.0017643583323 8.14500492516e-23 -7.76492527696e-23
-0.00101430856788 -8.97180188511e-11 9.45293678934e-11 0.00204123123638 9.45293678934e-23 -8.97180188511e-23
-0.00113675415388 -1.0027271622e-10 1.06084473086e-10 0.00228440376168 1.06084473086e-22 -1.0027271622e-22
-0.00124028128138 -1.09151149277e-10 1.15881927677e-10 0.00248954431902 1.15881927677e-22 -1.09151149277e-22
-0.00132302456603 -1.16217326784e-10 1.23718934549e-10 0.00265295408781 1.23718934549e-22 -1.16217326784e-22
-0.00138346679097 -1.21362324867e-10 1.29428899797e-10 0.00277163353438 1.29428899797e-22 -1.21362324867e-22
-0.00142046660277 -1.24504907975e-10 1.32886180602e-10 0.00284333721757 1.32886180602e-22 -1.24504907975e-22
-0.00143327987397 -1.25591978659e-10 1.34009796514e-10 0.00286661588418 1.34009796514e-22 -1.25591978659e-22
-0.00142157433544 -1.2459891228e-10 1.32765924606e-10 0.00284084507105 1.32765924606e-22 -1.2459891228e-22
-0.00138543719553 -1.21529814063e-10 1.29169054269e-10 0.00276623965945 1.29169054269e-22 -1.21529814063e-22
-0.00132537558269 -1.16417714516e-10 1.23281742274e-10 0.00264385406635 1.23281742274e-22 -1.16417714516e-22
-0.00124230977076 -1.09324696372e-10 1.15212978381e-10 0.0024755680033 1.15212978381e-22 -1.09324696372e-22
-0.00113755927047 -1.00341923192e-10 1.05115240703e-10 0.00226405798138 1.05115240703e-22 -1.00341923192e-22
-0.00101282199346 -8.95895178628e-11 9.31803830278e-11 0.00201275498723 9.31803830278e-23 -8.95895178628e-23
-0.000870146815747 -7.72162198288e-11 7.96345484996e-11 0.00172578899469 7.96345484996e-23 -7.72162198288e-23
-0.000711899982277 -6.33987344637e-11 6.47323419553e-11 0.00140792120668 6.47323419553e-23 -6.33987344637e-23
-0.000540725902545 -4.83406778918e-11 4.87505145034e-11 0.00106446513677 4.87505145034e-23 -4.83406778918e-23
-0.000359502985994 -3.22710172663e-11 3.19814180674e-11 0.000701197837248 3.19814180674e-23 -3.22710172663e-23
-0.000171295254429 -1.54419111897e-11 1.47264754797e-11 0.000324262755905 1.47264754797e-23 -1.54419111897e-23
2.06994554143e-05 1.87413142763e-12 -2.71011444416e-12 -5.99341454913e-05 -2.71011444416e-24 1.87413142763e-24
0.000213203823637 1.93878327692e-11 -2.00272543757e-11 -0.000444833254672 -2.00272543757e-23 1.93878327692e-23
0.000402916990222 3.67974942447e-11 -3.69322699858e-11 -0.000823833304372 -3.69322699858e-23 3.67974942447e-23
0.000586571154429 5.37940973334e-11 -5.31455840548e-11 -0.00119040458772 -5.31455840548e-23 5.37940973334e-23
0.000760987860032 7.00670962109e-11 -6.8404698188e-11 -0.0015382014518 -6.8404698188e-23 7.00670962109e-23
0.000923132996989 8.53107906488e-11 -8.24674798341e-11 -0.00186117213146 -8.24674798341e-23 8.53107906488e-23
0.00107016956787 9.92311169649e-11 -9.511478878e-11 -0.00215366402254 -9.511478878e-23 9.92311169649e-23
0.00119950730164 1.11552648076e-10 -1.06152505919e-10 -0.00241052256373 -1.06152505919e-22 1.11552648076e-22
0.00130884824751 1.22025555337e-10 -1.15413046997e-10 -0.00262718199819 -1.15413046997e-22 1.22025555337e-22
0.00139622754701 1.30432258978e-10 -1.22756455059e-10 -0.00279974641798 -1.22756455059e-22 1.30432258978e-22
0.00146004866169 1.36593484092e-10 -1.28071167849e-10 -0.00292505965464 -1.28071167849e-22 1.36593484092e-22
0.0014991124263 1.40373447574e-10 -1.31274551267e-10 -0.00300076276487 -1.31274551267e-22 1.40373447574e-22
0.00151263940049 1.41683928973e-10 -1.32313278182e-10 -0.00302533806799 -1.32313278182e-22 1.41683928973e-22
0.00150028510538 1.40487023944e-10 -1.31163614766e-10 -0.00299813891886 -1.31163614766e-22 1.40487023944e-22
0.00146214785165 1.36796440138e-10 -1.27831655207e-10 -0.00291940464179 -1.27831655207e-22 1.36796440138e-22
0.00139876899216 1.30677267487e-10 -1.2235352162e-10 -0.00279026030364 -1.2235352162e-22 1.30677267487e-22
0.00131112556168 1.22244232616e-10 -1.14795520435e-10 -0.00261270126376 -1.14795520435e-22 1.22244232616e-22
0.00120061539716 1.11658524126e-10 -1.05254220895e-10 -0.0023895627003 -1.05254220895e-22 1.11658524126e-22
0.00106903496162 9.9123345942e-11 -9.38563969708e-11 -0.00212447457124 -9.38563969708e-23 9.9123345942e-23
0.00091855022131 8.48784141421e-11 -8.07587523628e-11 -0.00182180272175 -8.07587523628e-23 8.48784141421e-23
0.00075166104688 6.91936547846e-11 -6.61473309778e-11 -0.00148657709013 -6.61473309778e-23 6.91936547846e-23
0.000571159722579 5.23623835731e-11 -5.02365038208e-11 -0.00112440819129 -5.02365038208e-23 5.23623835731e-23
0.0003800842515 3.46942521862e-11 -3.32674192372e-11 -0.000741393263028 -3.32674192372e-23 3.46942521862e-23
0.000181667237296 1.6508231794e-11 -1.55058082389e-11 -0.000344013644344 -1.55058082389e-23 1.6508231794e-23
-2.07187977337e-05 -1.87412568409e-12 2.76094863945e-12 6.09748874754e-05 2.76094863945e-24 -1.87412568409e-24
-0.000223618733328 -2.0134949958e-11 2.12275613298e-11 0.000466656965788 2.12275613298e-23 -2.0134949958e-23
-0.000423553836525 -3.79656893284e-11 3.95754099146e-11 0.000866075717155 3.95754099146e-23 -3.79656893284e-23
-0.000617081404509 -5.50720259231e-11 5.74779520155e-11 0.00125235206125 5.74779520155e-23 -5.50720259231e-23
-0.000800854042475 -7.11780246772e-11 7.46068937646e-11 0.0016188031823 7.46068937646e-23 -7.11780246772e-23
-0.000971677555879 -8.60295188041e-11 9.06390038762e-11 0.00195905813183 9.06390038762e-23 -8.60295188041e-23
-0.00112656645596 -9.93967746241e-11 1.05263393727e-10 0.00226716856324 1.05263393727e-22 -9.93967746241e-23
-0.00126279611426 -1.11076509803e-10 1.18189034151e-10 0.00253771267385 1.18189034151e-22 -1.11076509803e-22
-0.00137795065535 -1.20893360451e-10 1.29152236775e-10 0.00276589053914 1.29152236775e-22 -1.20893360451e-22
-0.00146996574662 -1.2870090406e-10 1.37923798952e-10 0.00294760916382 1.37923798952e-22 -1.2870090406e-22
-0.00153716552805 -1.34382347392e-10 1.44315500471e-10 0.00307955574466 1.44315500471e-22 -1.34382347392e-22
-0.00157829302256 -1.37850982212e-10 1.48185650097e-10 0.00315925783619 1.48185650097e-22 -1.37850982212e-22
