0.0 0.0
0.0 0.0
-5.67589576253e-09 1.03574748744e-13
-2.81828910971e-08 5.32430859384e-13
-7.80938321635e-08 1.50019813164e-12
-1.65030808699e-07 3.19919172585e-12
-2.97321273126e-07 5.79833314837e-12
-4.81687618701e-07 9.43292522711e-12
-7.22978409518e-07 1.42025166955e-11
-1.0239484852e-06 2.01637462703e-11
-1.38509405114e-06 2.73292229905e-11
-1.80454758668e-06 3.56635226969e-11
-2.27803602585e-06 4.50838093463e-11
-2.79890418553e-06 5.54589869367e-11
-3.35820389272e-06 6.66124529461e-11
-3.94484770738e-06 7.83242588192e-11
-4.54582460158e-06 9.03360688727e-11
-5.14647345899e-06 1.02355996722e-10
-5.73080884569e-06 1.14065551703e-10
-6.28189219539e-06 1.25126627516e-10
-6.78224038775e-06 1.35189967136e-10
-7.21426269621e-06 1.43903610115e-10
-7.5607162718e-06 1.50922210349e-10
-7.80516972525e-06 1.559161219e-10
-7.93246399202e-06 1.58580774325e-10
-7.92915951919e-06 1.58645510031e-10
-7.78395890954e-06 1.55882167902e-10
-7.4880944941e-06 1.50112788348e-10
-7.03567087775e-06 1.41216581368e-10
-6.42395330261e-06 1.29135692112e-10
-5.65359368718e-06 1.13879832253e-10
-4.72878740666e-06 9.55294457059e-11
-3.65735525858e-06 7.42374541651e-11
-2.45074658041e-06 5.02293699693e-11
-1.12396112306e-06 2.38018342332e-11
3.04610998304e-07 -4.68052365059e-12
1.81343019047e-06 -3.47898120133e-11
3.37812624598e-06 -6.6041193238e-11
4.97189057892e-06 -9.79006502131e-11
6.56593554475e-06 -1.29794119763e-10
8.13001297452e-06 -1.61117803288e-10
9.63298260695e-06 -1.9124949752e-10
1.10434198217e-05 -2.19560711592e-10
1.23302509935e-05 -2.45429356746e-10
1.34634039252e-05 -2.68252742909e-10
1.44144601984e-05 -2.87460632314e-10
1.51572959216e-05 -3.02528069346e-10
1.56686972698e-05 -3.12987723219e-10
1.59289373988e-05 -3.18441467629e-10
1.59223017881e-05 -3.18570943836e-10
1.56375498102e-05 -3.13146857395e-10
1.50683013317e-05 -3.02036787622e-10
1.4213338408e-05 -2.85211306344e-10
1.30768136134e-05 -2.62748238074e-10
1.16683582371e-05 -2.34834922168e-10
1.0003085423e-05 -2.01768378629e-10
8.10148532994e-06 -1.63953315518e-10
5.98921147277e-06 -1.2189796045e-10
3.69675955847e-06 -7.62077393119e-11
1.25904229688e-06 -2.75768705801e-11
-1.28513419167e-06 2.32220150602e-11
-3.8936846753e-06 7.53500772357e-11
-6.52194015525e-06 1.27916099641e-10
-9.12341278243e-06 1.79991726818e-10
-1.1650617247e-05 2.30627843788e-10
-1.40559341425e-05 2.78871809532e-10
-1.62924996624e-05 3.2378523267e-10
-1.83151051224e-05 3.64461959753e-10
-2.00810892485e-05 4.00045935482e-10
-2.15512059304e-05 4.29748588825e-10
-2.26904502342e-05 4.52865400793e-10
-2.34688258991e-05 4.68791317695e-10
-2.38620383014e-05 4.7703468875e-10
-2.38520979528e-05 4.77229428177e-10
-2.34278209956e-05 4.69145129563e-10
-2.25852148321e-05 4.52694893512e-10
-2.13277389679e-05 4.2794066821e-10
-1.966643331e-05 3.95095945553e-10
-1.76199085178e-05 3.54525702466e-10
-1.52141955042e-05 3.06743526895e-10
-1.24824537892e-05 2.52405919997e-10
-9.46454106516e-06 1.92303819121e-10
-6.20644899507e-06 1.27351439507e-10
-2.75961288348e-06 5.85725849456e-11
8.19894622219e-07 -1.29153717452e-11
4.47227326567e-06 -8.59195899996e-11
8.1349936353e-06 -1.591916522e-10
1.17438676774e-05 -2.31448912354e-10
1.52341729412e-05 -3.01396937665e-10
1.85418108753e-05 -3.67752650555e-10
2.16044784867e-05 -4.29267758158e-10
2.43628320321e-05 -4.84752043148e-10
2.67616211609e-05 -5.33096084342e-10
2.87507720706e-05 -5.73292977999e-10
3.0286398785e-05 -6.04458641312e-10
3.13317226076e-05 -6.25850298061e-10
3.1857881135e-05 -6.36882772688e-10
3.18446099112e-05 -6.3714225263e-10
3.12807818482e-05 -6.26397219293e-10
3.01647918842e-05 -6.04606294743e-10
2.85047769749e-05 -5.71922803378e-10
2.63186643599e-05 -5.28695904588e-10
2.36340440689e-05 -4.75468212763e-10
2.04878647838e-05 -4.12969883863e-10
1.69259553857e-05 -3.42109212062e-10
1.30023777445e-05 -2.6395984449e-10
8.77861947918e-06 -1.79744785682e-10
4.32263848896e-06 -9.08174247752e-11
-2.92226051632e-07 1.36012331994e-12
-4.98845886181e-06 9.52410178236e-11
-9.68567011721e-06 1.89219639829e-10
-1.43019715595e-05 2.81659052789e-10
-1.8755403597e-05 3.70919506099e-10
-2.29653885333e-05 4.55387485604e-10
-2.68541841889e-05 5.33504796947e-10
-3.03483117618e-05 6.03797158908e-10
-3.33799318245e-05 6.64901784412e-10
-3.58881428824e-05 7.15593436991e-10
-3.78201779169e-05 7.54808470008e-10
-3.9132475796e-05 7.81666384704e-10
-3.97916063365e-05 7.95488480737e-10
-3.97750301147e-05 7.95813218751e-10
-3.90716768125e-05 7.82407967975e-10
-3.76823289035e-05 7.55276871938e-10
-3.56198007941e-05 7.14664631258e-10
-3.29089070561e-05 6.61056072828e-10
-2.95862170897e-05 5.95171448518e-10
-2.56995973456e-05 5.17957482315e-10
-2.13075460664e-05 4.30574261431e-10
-1.6478329299e-05 3.34378142793e-10
-1.12889306188e-05 2.30900920249e-10
-5.8238305196e-06 1.21825568292e-10
-1.73634702978e-07 8.95894394137e-12
5.5664265258e-06 -1.05798111805e-10
1.12981029295e-05 -2.20482778748e-10
1.69218060453e-05 -3.3310382979e-10
2.23383391405e-05 -4.41676196528e-10
2.74506453737e-05 -5.4425592824e-10
3.21655433791e-05 -6.38974929099e-10
3.63954192956e-05 -7.24074854009e-10
4.00598446189e-05 -7.97939550022e-10
4.30870901625e-05 -8.59125447966e-10
4.54155078655e-05 -9.06389337398e-10
4.69947541599e-05 -9.38712997032e-10
4.7786831083e-05 -9.55324201756e-10
4.77669242436e-05 -9.55713685432e-10
4.6924020093e-05 -9.3964770511e-10
4.52612886408e-05 -9.07175925779e-10
4.27962217434e-05 -8.58634424265e-10
3.95605213053e-05 -7.94643694951e-10
3.55997360971e-05 -7.16101627163e-10
3.09726503383e-05 -6.24171512892e-10
2.57504316328e-05 -5.20265232361e-10
2.00155502049e-05 -4.06021852269e-10
1.38604855859e-05 -2.8328195575e-10
7.38624086451e-06 -1.54058102638e-10
7.00688269278e-07 -2.05018920373e-11
-6.08322687003e-06 1.1513183484e-10
-1.28493939034e-05 2.50523056508e-10
-1.94805241634e-05 3.83326255312e-10
-2.58601837764e-05 5.11211045036e-10
-3.18748367561e-05 6.31903038374e-10
-3.74158625501e-05 7.43224238003e-10
-4.23815122384e-05 8.4313223492e-10
-4.66787682401e-05 9.29757510278e-10
-5.02250736766e-05 1.00143816217e-09
-5.29498994445e-05 1.0567514163e-09
-5.47961195403e-05 1.09454132886e-09
-5.57211682214e-05 1.11394214993e-09
-5.56979561291e-05 1.11439688658e-09
-5.47155264844e-05 1.09567068369e-09
-5.27794368325e-05 1.05785872771e-09
-4.99118564804e-05 1.00138847168e-09
-4.61513746648e-05 9.27016077502e-10
-4.15525195268e-05 8.35817071993e-10
-3.61849930548e-05 7.29171315181e-10
-3.01326322138e-05 6.08742480335e-10
-2.34921114058e-05 4.76452343962e-10
-1.6371406118e-05 3.34450278519e-10
-8.88804203371e-06 1.85078429204e-10
-1.16715790872e-06 3.08331372366e-11
6.66058590284e-06 -1.25676755952e-10
1.44612183381e-05 -2.8177402758e-10
2.2099750525e-05 -4.34758869446e-10
2.94425114491e-05 -5.81955577542e-10
3.63594859789e-05 -7.20759328001e-10
4.27266143757e-05 -8.4868222204e-10
4.84280126607e-05 -9.63397786791e-10
5.33580741759e-05 -1.06278313755e-09
5.7423414351e-05 -1.1449580397e-09
6.054462304e-05 -1.20832015518e-09
6.26577918037e-05 -1.25157581764e-09
6.371578712e-05 -1.2737657524e-09
6.36892446624e-05 -1.27428523976e-09
6.25672644216e-05 -1.25289831241e-09
6.03577914787e-05 -1.20974567826e-09
5.70876725907e-05 -1.14534616657e-09
5.28023843271e-05 -1.0605916067e-09
4.75654341991e-05 -9.56735162922e-10
4.14574419641e-05 -8.35373263257e-10
3.45749139485e-05 -6.98421373973e-10
2.70287287314e-05 -5.48083981333e-10
1.89423577564e-05 -3.86819247072e-10
1.04498493012e-05 -2.17298901718e-10
1.69360864883e-06 -4.23640285694e-11
-7.17798882216e-06 1.35022530733e-10
-1.60131116361e-05 3.1182635212e-10
-2.46590707163e-05 4.84993336831e-10
-3.29649579073e-05 6.5150246304e-10
-4.07842789328e-05 8.08418470285e-10
-4.79775348677e-05 9.52943558276e-10
-5.4414706674e-05 1.08246719023e-09
-5.99775986173e-05 1.19461311552e-09
-6.45619984349e-05 1.28728276679e-09
-6.80796149386e-05 1.35869424212e-09
-7.04597572536e-05 1.4074161526e-09
-7.1650724078e-05 1.43239569877e-09
-7.16208761176e-05 1.43298043411e-09
-7.03593701329e-05 1.40893327914e-09
-6.78765387407e-05 1.36044046325e-09
-6.42039061485e-05 1.2881121919e-09
-5.93938362578e-05 1.19297596201e-09
-5.35188159507e-05 1.07646257532e-09
-4.66703827532e-05 9.40385027923e-10
-3.89577123531e-05 7.86910579139e-10
-3.05058875068e-05 6.18526425055e-10
-2.14538756139e-05 4.37999516744e-10
-1.19522475471e-05 2.48331170107e-10
-2.16067511619e-06 5.27072105644e-11
7.75475127565e-06 -1.45555520016e-10
1.76243397399e-05 -3.43065396272e-10
2.72777009955e-05 -5.36414028901e-10
3.65466897459e-05 -7.22235078285e-10
4.52683325698e-05 -8.97262847418e-10
5.32876913556e-05 -1.05838963456e-09
6.04606120066e-05 -1.20272083908e-09
6.66563097113e-05 -1.3276268445e-09
7.17597445152e-05 -1.4307907508e-09
7.56737441878e-05 -1.51025109226e-09
7.83208354184e-05 -1.56443875747e-09
7.96447491253e-05 -1.59220742222e-09
7.9611571047e-05 -1.59285691321e-09
7.82105147136e-05 -1.56614903879e-09
7.54543002775e-05 -1.51231554978e-09
7.13791293965e-05 -1.43205802787e-09
6.60442533047e-05 -1.32653963742e-09
5.95311382544e-05 -1.19736881764e-09
5.19422395408e-05 -1.04657513255e-09
4.33994022126e-05 -8.7657763449e-10
3.40419132039e-05 -6.90146229277e-10
2.40242358702e-05 -4.90356657244e-10
1.35134636789e-05 -2.80539819612e-10
2.68653496687e-06 -6.42262838736e-11
-8.27274483824e-06 1.54913107902e-10
-1.91768234351e-05 3.73129529064e-10
-2.9837611338e-05 5.86660299746e-10
-4.00697261096e-05 7.91793762507e-10
-4.96937151834e-05 9.84933783732e-10
-5.85392012616e-05 1.16266276016e-09
-6.64478951884e-05 1.32180202723e-09
-7.32764230757e-05 1.45946860253e-09
-7.88989172769e-05 1.57312725326e-09
-8.3209324519e-05 1.66063694985e-09
-8.61233890556e-05 1.72029085832e-09
-8.75802740256e-05 1.75084912964e-09
-8.75437901997e-05 1.75156386372e-09
-8.60032078775e-05 1.72219575672e-09
-8.29736347474e-05 1.66302208095e-09
-7.84959499174e-05 1.57483579432e-09
-7.26362919542e-05 1.45893572873e-09
-6.54851064803e-05 1.31710796089e-09
-5.71557665599e-05 1.15159862292e-09
-4.7782786603e-05 9.65078560221e-10
-3.7519657721e-05 7.60600388452e-10
-2.65363392255e-05 5.41548637301e-10
-1.50164471785e-05 3.11583793376e-10
-3.1541864442e-06 7.45811663008e-11
8.84892252549e-06 -1.65434401624e-10
2.07874670164e-05 -4.04356882454e-10
3.24556573382e-05 -6.38069305781e-10
4.36508739125e-05 -8.62514696387e-10
5.41771850279e-05 -1.07376648412e-09
6.38487742003e-05 -1.2680971643e-09
7.24932172148e-05 -1.4420440085e-09
7.99545511065e-05 -1.59247066852e-09
8.6096080537e-05 -1.71662357889e-09
9.08028711907e-05 -1.81218214626e-09
9.39838848856e-05 -1.87730181417e-09
9.55737169808e-05 -1.91064920883e-09
9.55339032794e-05 -1.91142870341e-09
9.38537708509e-05 -1.87939988187e-09
9.05508149192e-05 -1.81488553798e-09
8.56705920426e-05 -1.71877000583e-09
7.92861281203e-05 -1.59248778477e-09
7.14968481454e-05 -1.43800258895e-09
6.24270429506e-05 -1.25777711842e-09
5.22238963075e-05 -1.05473401156e-09
4.10551035047e-05 -8.32208593747e-10
2.910611981e-05 -5.93894183914e-10
1.657708388e-05 -3.43780853969e-10
3.67946710594e-06 -8.60886556002e-11
-9.36749503572e-06 1.74803568696e-10
-2.2340529418e-05 4.34432589689e-10
-3.5016146146e-05 6.88327146403e-10
-4.71744885006e-05 9.32084945784e-10
-5.8603145625e-05 1.16144898106e-09
-6.9100861849e-05 1.37238184601e-09
-7.84810778987e-05 1.56113674826e-09
-8.65752417324e-05 1.72432397365e-09
-9.32358303196e-05 1.85897162391e-09
-9.83390283024e-05 1.96257954183e-09
-0.000101787015063 2.03316544835e-09
-0.000103509818181 2.06930244488e-09
-0.000103466698492 2.07014717775e-09
-0.000101647039835 2.03545811876e-09
-9.80707249693e-05 1.96560358315e-09
-9.2787987904e-05 1.86155928126e-09
-8.58787418705e-05 1.72489537999e-09
-7.74513912324e-05 1.55775323102e-09
-6.76411445914e-05 1.36281210251e-09
-5.66078550802e-05 1.14324642591e-09
-4.45334221648e-05 9.02674236482e-10
-3.16187970691e-05 6.45097642519e-10
-1.80806410444e-05 3.7483630134e-10
-4.14769200904e-06 9.64550067719e-11
9.94309953608e-06 -1.85313398449e-10
2.39506000512e-05 -4.65648483797e-10
3.76336194367e-05 -7.39724697764e-10
5.07550638326e-05 -1.00279442952e-09
6.30860432372e-05 -1.25027023579e-09
7.44098627938e-05 -1.47780480892e-09
8.45258281695e-05 -1.68136729275e-09
9.32527982458e-05 -1.85731460728e-09
0.0001004324223 -2.00245652165e-09
0.000105932003933 -2.11411331486e-09
0.00010964694009 -2.19016498541e-09
0.000111502690571 -2.22909110995e-09
0.000111456241244 -2.23000060806e-09
0.000109497032718 -2.19265083936e-09
0.000105647335288 -2.11745564054e-09
9.99620604136e-05 -2.00548209812e-09
9.25280086584e-05 -1.85843604643e-09
8.34625637564e-05 -1.67863647454e-09
7.29118520782e-05 -1.46897921856e-09
6.10483961177e-05 -1.23289050288e-09
4.80682995185e-05 -9.74271072439e-10
3.41880094603e-05 -6.97431824776e-10
1.96407097893e-05 -4.07022002485e-10
4.67240495085e-06 -1.07951141446e-10
-1.04622395297e-05 1.94693915418e-10
-2.55042296998e-05 4.95735536296e-10
-4.01946752553e-05 7.89993879104e-10
-5.42792451952e-05 1.07237601517e-09
-6.75125703728e-05 1.33796406458e-09
-7.96625167449e-05 1.58210081811e-09
-9.05142549198e-05 1.80047135563e-09
-9.98740547023e-05 1.98917923117e-09
-0.000107572737678 2.14481588104e-09
-0.000113468726404 2.26452202037e-09
-0.000117450635391 2.346039925e-09
-0.00011943935666 2.38775564679e-09
-0.00011938960111 2.3887303785e-09
-0.00011729086612 2.34872036756e-09
-0.000113167809521 2.26818497213e-09
-0.000107080020223 2.14828265501e-09
-9.91211861213e-05 1.9908549181e-09
-8.94176703214e-05 1.79839838802e-09
-7.81265169621e-05 1.57402546898e-09
-6.54329178989e-05 1.3214141785e-09
-5.15471809525e-05 1.04474797143e-09
-3.6701249259e-05 7.48646534682e-10
-2.11448292589e-05 4.38088696282e-10
-5.14119192488e-06 1.18328734261e-10
1.10372821933e-05 -2.0519250821e-10
2.71137387303e-05 -5.26940198023e-10
4.28115871773e-05 -8.41380202568e-10
5.78592593923e-05 -1.14307427542e-09
7.19949070838e-05 -1.42677410015e-09
8.49709570221e-05 -1.68751256616e-09
9.65584447566e-05 -1.92069068953e-09
0.000106551051015 -2.12215865851e-09
0.000114768769691 -2.28828957681e-09
0.0001210611423 -2.41604459581e-09
0.000125310000917 -2.50302826892e-09
0.000127431669781 -2.54753312328e-09
0.000127378584827 -2.54857262488e-09
0.000125140300201 -2.50590190899e-09
0.000120743861271 -2.4200258552e-09
0.000114253534396 -2.29219430247e-09
0.000105769894806 -2.12438442013e-09
9.54282849742e-05 -1.91927047217e-09
8.33966668102e-05 -1.6801814307e-09
6.987290153e-05 -1.41104710617e-09
5.50815011319e-05 -1.11633366309e-09
3.92699047081e-05 -8.00969577567e-10
2.27043412937e-05 -4.70263262898e-10
5.6653483885e-06 -1.29813739148e-10
-1.15569784334e-05 2.14584150331e-10
-2.86679243936e-05 5.57038371146e-10
-4.53731987789e-05 8.91660500107e-10
-6.13839963064e-05 1.21266697293e-09
-7.64219895394e-05 1.51447903653e-09
-9.0224166062e-05 1.79181967873e-09
-0.000102547426364 2.03980585159e-09
-0.000113172862098 2.25403437737e-09
-0.000121909639464 2.43066002691e-09
-0.000128598418936 2.5664643877e-09
-0.000133114250152 2.65891429051e-09
-0.000135368889573 2.70620873762e-09
-0.000135312498164 2.70731346821e-09
-0.000132934686844 2.66198250536e-09
-0.000128264888515 2.57076625016e-09
-0.000121372046986 2.43500591783e-09
-0.000112363624819 2.25681434529e-09
-0.000101383943859 2.03904343411e-09
-8.86118837842e-05 1.78523872456e-09
-7.42579751713e-05 1.49958182023e-09
-5.85609341962e-05 1.18682159554e-09
-4.17836959071e-05 8.52195316032e-10
-2.4209011934e-05 5.01340980442e-10
-6.13468630364e-06 1.40202351006e-10
1.21314703853e-05 -2.25071728668e-10
3.02768829418e-05 -5.88232022893e-10
4.79895604479e-05 -9.43035817958e-10
6.49634604799e-05 -1.28335423183e-09
8.09037764559e-05 -1.60327807496e-09
9.55320567737e-05 -1.89722043379e-09
0.000108591066865 -2.16001419662e-09
0.000119849309303 -2.38700281999e-09
0.000129105122599 -2.57412274214e-09
0.000136190286182 -2.71797598686e-09
0.000140973067256 -2.81589166249e-09
0.000143360654502 -2.8659752466e-09
0.000143300933917 -2.86714475164e-09
0.000140783573189 -2.81915308852e-09
0.000135840392756 -2.72259617974e-09
0.000128545013879 -2.57890661668e-09
0.000119011786451 -2.39033290366e-09
0.000107394011688 -2.15990457959e-09
9.38814870356e-05 -1.89138375262e-09
7.86974124335e-05 -1.58920381923e-09
6.20947082343e-05 -1.25839636347e-09
4.43518054424e-05 -9.04507440069e-10
2.57679782824e-05 -5.3350463299e-10
6.65829730814e-06 -1.51676446492e-10
-1.26517118573e-05 2.34474275646e-10
-3.18316136099e-05 6.18341096451e-10
-5.05517168273e-05 9.93327011626e-10
-6.84887419447e-05 1.35295782127e-09
-8.53314032354e-05 1.69099389913e-09
-0.000100785809911 2.00153843007e-09
-0.000114580592343 2.27914023834e-09
-0.00012647166403 2.51888941443e-09
-0.000136246535789 2.71650406373e-09
-0.000143728106008 2.86840664605e-09
-0.000148777859455 2.9717885471e-09
-0.000151298417032 3.02466171958e-09
-0.000151235389767 3.0258964491e-09
-0.000148578502119 2.97524453438e-09
-0.000143361962061 2.87334741943e-09
-0.000135664068303 2.72172907192e-09
-0.000125606058073 2.52277366377e-09
-0.000113350211956 2.27968837151e-09
-9.90972451676e-05 1.99645187146e-09
-8.30830270073e-05 1.67774935329e-09
-6.55746820057e-05 1.328895111e-09
-4.68661371233e-05 9.55743988762e-10
-2.72731891794e-05 5.64593156014e-10
-7.12817525497e-06 1.62075859201e-10
1.32256640025e-05 -2.44951057633e-10
3.34400325763e-05 -6.49523956219e-10
5.31675391393e-05 -1.04469154174e-09
7.20676669858e-05 -1.42363429658e-09
8.98126512441e-05 -1.77978215803e-09
0.000106093161939 -2.1069284096e-09
0.000120623694384 -2.39933781184e-09
0.000133147573001 -2.65184708951e-09
0.000143441480914 -2.85995601546e-09
0.000151319435468 -3.01990748583e-09
0.000156636138997 -3.12875516392e-09
