0.0 -0.0
-5.67589576253e-08 5.67589576253e-08
-3.38587868596e-07 3.38587868596e-07
-1.06276723261e-06 1.06276723261e-06
-2.43124640862e-06 2.43124640862e-06
-4.62352081824e-06 4.62352081824e-06
-7.79008891826e-06 7.79008891826e-06
-1.20466602822e-05 1.20466602822e-05
-1.74692689472e-05 1.74692689472e-05
-2.40904253634e-05 2.40904253634e-05
-3.18964163782e-05 3.18964163782e-05
-4.08258361254e-05 4.08258361254e-05
-5.07694021138e-05 5.07694021138e-05
-6.15710807825e-05 6.15710807825e-05
-7.3030516001e-05 7.3030516001e-05
-8.49067230896e-05 8.49067230896e-05
-9.69229806057e-05 9.69229806057e-05
-0.000108772823047 0.000108772823047
-0.000120127010411 0.000120127010411
-0.000130641325831 0.000130641325831
-0.00013996503084 0.00013996503084
-0.00014774978968 0.00014774978968
-0.00015365885997 0.00015365885997
-0.000157376337173 0.000157376337173
-0.000158616235112 0.000158616235112
-0.000157131184287 0.000157131184287
-0.000152720534036 0.000152720534036
-0.000145237653718 0.000145237653718
-0.000134596241804 0.000134596241804
-0.000120775469898 0.000120775469898
-0.000103823810938 0.000103823810938
-8.38614266524e-05 8.38614266524e-05
-6.10810183899e-05 6.10810183899e-05
-3.57470770347e-05 3.57470770347e-05
-8.19350124759e-06 8.19350124759e-06
2.11804118877e-05 -2.11804118877e-05
5.19155643645e-05 -5.19155643645e-05
8.3500168249e-05 -8.3500168249e-05
0.000115378261237 -0.000115378261237
0.000146959485193 -0.000146959485193
0.000177629955815 -0.000177629955815
0.000206764024286 -0.000206764024286
0.000233736708152 -0.000233736708152
0.000257936549187 -0.000257936549187
0.000278778641237 -0.000278778641237
0.0002957175612 -0.0002957175612
0.000308259931914 -0.000308259931914
0.000315976346686 -0.000315976346686
0.00031851239187 -0.00031851239187
0.000315598515983 -0.000315598515983
0.000307058511419 -0.000307058511419
0.000292816397397 -0.000292816397397
0.000272901520214 -0.000272901520214
0.000247451718505 -0.000247451718505
0.000216714436601 -0.000216714436601
0.00018104570753 -0.00018104570753
0.000140906968027 -0.000140906968027
9.68597103124e-05 -9.68597103124e-05
4.95580185535e-05 -4.95580185535e-05
-2.6091894783e-07 2.6091894783e-07
-5.17881886696e-05 5.17881886696e-05
-0.000104156248305 0.000104156248305
-0.000156453529377 0.000156453529377
-0.000207740300294 0.000207740300294
-0.000257065513894 0.000257065513894
-0.000303484338049 0.000303484338049
-0.000346076047847 0.000346076047847
-0.000383961943709 0.000383961943709
-0.00041632295179 0.00041632295179
-0.000442416561646 0.000442416561646
-0.000461592761333 0.000461592761333
-0.000473308642006 0.000473308642006
-0.000477141362543 0.000477141362543
-0.000472799189484 0.000472799189484
-0.000460130358277 0.000460130358277
-0.000439129538 0.000439129538
-0.000409941722779 0.000409941722779
-0.000372863418278 0.000372863418278
-0.00032834104022 0.00032834104022
-0.000276966492934 0.000276966492934
-0.000219469948544 0.000219469948544
-0.000156709900602 0.000156709900602
-8.96606187855e-05 8.96606187855e-05
-1.93971826126e-05 1.93971826126e-05
5.29216788789e-05 -5.29216788789e-05
0.00012607266901 -0.00012607266901
0.000198788613127 -0.000198788613127
0.000269780406186 -0.000269780406186
0.000337759838165 -0.000337759838165
0.00040146289362 -0.00040146289362
0.000459673105187 -0.000459673105187
0.00051124453193 -0.00051124453193
0.000555123932315 -0.000555123932315
0.000590371708556 -0.000590371708556
0.000616181213926 -0.000616181213926
0.000631896037426 -0.000631896037426
0.000637024910462 -0.000637024910462
0.000631253917594 -0.000631253917594
0.000614455737324 -0.000614455737324
0.000586695688591 -0.000586695688591
0.000548234413348 -0.000548234413348
0.000499527084288 -0.000499527084288
0.000441219088527 -0.000441219088527
0.000374138201695 -0.000374138201695
0.000299283331302 -0.000299283331302
0.000217809972237 -0.000217809972237
0.000131012579681 -0.000131012579681
4.03041243733e-05 -4.03041243733e-05
-5.28068491345e-05 5.28068491345e-05
-0.00014674128979 0.00014674128979
-0.000239876416767 0.000239876416767
-0.000330573751565 0.000330573751565
-0.000417207921303 0.000417207921303
-0.000498195727222 0.000498195727222
-0.000572024959508 0.000572024959508
-0.000637282435863 0.000637282435863
-0.000692680747069 0.000692680747069
-0.000737083207994 0.000737083207994
-0.00076952653713 0.00076952653713
-0.000789240821325 0.000789240821325
-0.000795666364512 0.000795666364512
-0.000788467069272 0.000788467069272
-0.00076754005716 0.00076754005716
-0.000733021296976 0.000733021296976
-0.000685287078502 0.000685287078502
-0.000624951241458 0.000624951241458
-0.000552858144353 0.000552858144353
-0.000470071434119 0.000470071434119
-0.000377858753654 0.000377858753654
-0.000277672599178 0.000277672599178
-0.000171127611384 0.000171127611384
-5.99746522258e-05 5.99746522258e-05
5.39279182282e-05 -5.39279182282e-05
0.000168645294553 -0.000168645294553
0.000282199089748 -0.000282199089748
0.000392601451858 -0.000392601451858
0.000497889845142 -0.000497889845142
0.000596161887528 -0.000596161887528
0.000685609626746 -0.000685609626746
0.000764552639144 -0.000764552639144
0.000831469347814 -0.000831469347814
0.00088502598028 -0.00088502598028
0.000924102620254 -0.000924102620254
0.000947815852429 -0.000947815852429
0.000955537553266 -0.000955537553266
0.000946909443365 -0.000946909443365
0.000921853087337 -0.000921853087337
0.000880575103842 -0.000880575103842
0.000823567430487 -0.000823567430487
0.000751602574024 -0.000751602574024
0.000665723864354 -0.000665723864354
0.000567230819711 -0.000567230819711
0.000457659818376 -0.000457659818376
0.000338760357908 -0.000338760357908
0.000212467264504 -0.000212467264504
8.08692913378e-05 -8.08692913378e-05
-5.38253860075e-05 5.38253860075e-05
-0.000189326207735 0.000189326207735
-0.000323299180668 0.000323299180668
-0.000453407079399 0.000453407079399
-0.000577350205325 0.000577350205325
-0.000692906993061 0.000692906993061
-0.000797973747885 0.000797973747885
-0.000890602804785 0.000890602804785
-0.000969038419167 0.000969038419167
-0.00103174973121 0.00103174973121
-0.00107746018985 0.00107746018985
-0.00110517287762 0.00110517287762
-0.0011141912435 0.0011141912435
-0.00110413482613 0.00110413482613
-0.00107494963317 0.00107494963317
-0.00102691293313 0.00102691293313
-0.000960632311452 0.000960632311452
-0.000877038941916 0.000877038941916
-0.000777375125816 0.000777375125816
-0.000663176252686 0.000663176252686
-0.000536247436196 0.000536247436196
-0.000398635175238 0.000398635175238
-0.000252594481517 0.000252594481517
-0.000100551999424 0.000100551999424
5.49342799413e-05 -5.49342799413e-05
0.000211218042409 -0.000211218042409
0.000365609688631 -0.000365609688631
0.000515422619741 -0.000515422619741
0.00065801997428 -0.00065801997428
0.000790861003546 -0.000790861003546
0.000911546270364 -0.000911546270364
0.00101786086837 -0.00101786086837
0.00110781488527 -0.00110781488527
0.00117968037391 -0.00117968037391
0.00123202414844 -0.00123202414844
0.00126373578924 -0.00126373578924
0.00127405031782 -0.00127405031782
0.00126256509084 -0.00126256509084
0.001229250559 -0.001229250559
0.00117445464069 -0.00117445464069
0.00109890056918 -0.00109890056918
0.00100367818526 -0.00100367818526
0.000890228761631 -0.000890228761631
0.000760323559126 -0.000760323559126
0.000616036426799 -0.000616036426799
0.000459710864878 -0.000459710864878
0.000293922070576 -0.000293922070576
0.0001214345795 -0.0001214345795
-5.48438017333e-05 5.48438017333e-05
-0.000231911004582 0.000231911004582
-0.000406721823523 0.000406721823523
-0.000576240286236 0.000576240286236
-0.000737492368402 0.000737492368402
-0.000887618138005 0.000887618138005
-0.00102392241542 0.00102392241542
-0.00114392305291 0.00114392305291
-0.00124539597052 0.00124539597052
-0.00132641613374 0.00132641613374
-0.00138539372192 0.00138539372192
-0.00142110481332 0.00142110481332
-0.00143271600196 0.00143271600196
-0.00141980246251 0.00141980246251
-0.00138235908874 0.00138235908874
-0.00132080444889 0.00132080444889
-0.00123597742406 0.00123597742406
-0.00112912652208 0.00112912652208
-0.00100189198704 0.00100189198704
-0.000856280951062 0.000856280951062
-0.000694635998598 0.000694635998598
-0.000519597631207 0.000519597631207
-0.00033406123161 0.00033406123161
-0.000141129226633 0.000141129226633
5.59407615946e-05 -5.59407615946e-05
0.000253790910156 -0.000253790910156
0.000449020407355 -0.000449020407355
0.000638243907415 -0.000638243907415
0.000818150223157 -0.000818150223157
0.000985560239254 -0.000985560239254
0.00113748303362 -0.00113748303362
0.00127116921718 -0.00127116921718
0.00138416054226 -0.00138416054226
0.00147433488703 -0.00147433488703
0.00153994579606 -0.00153994579606
0.00157965584544 -0.00157965584544
0.00159256320172 -0.00159256320172
0.00157822085761 -0.00157822085761
0.00153664814991 -0.00153664814991
0.00146833429674 -0.00146833429674
0.00137423382701 -0.00137423382701
0.00125575391559 -0.00125575391559
0.00111473377795 -0.00111473377795
0.000953416417534 -0.000953416417534
0.000774413154165 -0.000774413154165
0.000580661490741 -0.000580661490741
0.000375376995491 -0.000375376995491
0.000161999986457 -0.000161999986457
-5.58620987137e-05 5.58620987137e-05
-0.000274495682734 0.000274495682734
-0.000490144347732 0.000490144347732
-0.000699073374477 0.000699073374477
-0.00089763441293 0.00089763441293
-0.00108232916445 0.00108232916445
-0.0012498709645 0.0012498709645
-0.00139724318264 0.00139724318264
-0.00152175340353 0.00152175340353
-0.00162108241796 0.00162108241796
-0.00169332713575 0.00169332713575
-0.00173703663081 0.00173703663081
-0.00175124064225 0.00175124064225
-0.00173546998077 0.00173546998077
-0.00168976842625 0.00168976842625
-0.00161469584665 0.00161469584665
-0.00151132241872 0.00151132241872
-0.00138121398435 0.00138121398435
-0.0012264087304 0.0012264087304
-0.00104938553163 0.00104938553163
-0.00085302444324 0.00085302444324
-0.000640559969464 0.000640559969464
-0.00041552786404 0.00041552786404
-0.000181706336227 0.000181706336227
5.69473608129e-05 -5.69473608129e-05
0.000296363895419 -0.000296363895419
0.000532431243546 -0.000532431243546
0.000761065312506 -0.000761065312506
0.000978280589404 -0.000978280589404
0.00118025959228 -0.00118025959228
0.00136341991415 -0.00136341991415
0.00152447768321 -0.00152447768321
0.00166050631644 -0.00166050631644
0.00176898951728 -0.00176898951728
0.00184786756076 -0.00184786756076
0.00189557601866 -0.00189557601866
0.0019110762026 -0.0019110762026
0.0018938767413 -0.0018938767413
0.0018440458577 -0.0018440458577
0.00176221406962 -0.00176221406962
0.00164956720163 -0.00164956720163
0.00150782976266 -0.00150782976266
0.00133923891096 -0.00133923891096
0.00114650939258 -0.00114650939258
0.000932789998122 -0.000932789998122
0.000701612233147 -0.000701612233147
0.000456832036899 -0.000456832036899
0.000202565509859 -0.000202565509859
-5.68802792978e-05 5.68802792978e-05
-0.000317080244538 0.000317080244538
-0.000573566755641 0.000573566755641
-0.000821906346466 0.000821906346466
-0.00105777634126 0.00105777634126
-0.00127704007474 0.00127704007474
-0.00147581939748 0.00147581939748
-0.00165056319631 0.00165056319631
-0.00179811072052 0.00179811072052
-0.00191574858622 0.00191574858622
-0.00200126043366 0.00200126043366
-0.00205296833244 0.00205296833244
-0.00206976516673 0.00206976516673
-0.00205113738327 0.00205113738327
-0.00199717764804 0.00199717764804
-0.00190858712873 0.00190858712873
-0.00178666729774 0.00178666729774
-0.00163330133103 0.00163330133103
-0.00145092535824 0.00145092535824
-0.00124248999672 0.00124248999672
-0.00101141277245 0.00101141277245
-0.000761522192339 0.000761522192339
-0.000496994381135 0.000496994381135
-0.000222283330534 0.000222283330534
5.79540752704e-05 -5.79540752704e-05
0.000338936995873 -0.000338936995873
0.000615842194879 -0.000615842194879
0.000883886832693 -0.000883886832693
0.0011384110707 -0.0011384110707
0.00137495906031 -0.00137495906031
0.00158935690963 -0.00158935690963
0.00177778626415 -0.00177778626415
0.00193685220546 -0.00193685220546
0.00206364426233 -0.00206364426233
0.00215578944022 -0.00215578944022
0.0022114963066 -0.0022114963066
0.00222958931815 -0.00222958931815
0.00220953273962 -0.00220953273962
0.00215144368006 -0.00215144368006
0.00205609395702 -0.00205609395702
0.00192490069072 -0.00192490069072
0.00175990572415 -0.00175990572415
0.00156374415835 -0.00156374415835
0.00133960248196 -0.00133960248196
0.00109116695636 -0.00109116695636
0.000822563089788 -0.000822563089788
0.000538287192496 -0.000538287192496
0.000243131147401 -0.000243131147401
-5.78983457889e-05 5.78983457889e-05
-0.000359664692296 0.000359664692296
-0.000656989049552 0.000656989049552
-0.000944739204505 0.000944739204505
-0.00121791815568 0.00121791815568
-0.00147175087118 0.00147175087118
-0.00170176771665 0.00170176771665
-0.00190388309622 0.00190388309622
-0.0020744679238 0.0020744679238
-0.00221041464082 0.00221041464082
-0.00230919361795 0.00230919361795
-0.00236889992051 0.00236889992051
-0.00238828957769 0.00238828957769
-0.00236680467229 0.00236680467229
-0.00230458675641 0.00230458675641
-0.00220247829744 0.00220247829744
-0.00206201206344 0.00206201206344
-0.00188538856443 0.00188538856443
-0.00167544187284 0.00167544187284
-0.00143559434861 0.00143559434861
-0.00116980098851 0.00116980098851
-0.000882484302115 0.000882484302115
-0.000578460785178 0.000578460785178
-0.000262860211838 0.000262860211838
5.89609026845e-05 -5.89609026845e-05
0.000381510209236 -0.000381510209236
0.000699253259075 -0.000699253259075
0.0010067084657 -0.0010067084657
0.00129854166476 -0.00129854166476
0.00156965864106 -0.00156965864106
0.00181529401779 -0.00181529401779
0.00203109495772 -0.00203109495772
0.00221319820707 -0.00221319820707
0.00235829911992 -0.00235829911992
0.00246371143217 -0.00246371143217
0.00252741670698 -0.00252741670698
0.00254810254608 -0.00254810254608
0.00252518885028 -0.00252518885028
0.00245884161472 -0.00245884161472
0.00234997395667 -0.00234997395667
0.00220023429202 -0.00220023429202
0.0020119817978 -0.0020119817978
0.00178824951784 -0.00178824951784
0.0015326956834 -0.0015326956834
0.00124954402662 -0.00124954402662
0.0009435140584 -0.0009435140584
0.000619742460018 -0.000619742460018
0.000283696896822 -0.000283696896822
-5.89163004485e-05 5.89163004485e-05
-0.000402249028269 0.000402249028269
-0.000740411231725 0.000740411231725
-0.00106757195085 0.00106757195085
-0.00137805985846 0.00137805985846
-0.00166646155601 0.00166646155601
-0.00192771592426 0.00192771592426
-0.00215720288463 0.00215720288463
-0.00235082501562 0.00235082501562
-0.002505080584 0.002505080584
-0.00261712669087 0.00261712669087
-0.00268483139725 0.00268483139725
-0.00270681387737 0.00270681387737
-0.00268247185009 0.00268247185009
-0.00261199575359 0.00261199575359
-0.002496369355 0.002496369355
-0.00233735671805 0.00233735671805
-0.00213747568678 0.00213747568678
-0.00189995827644 0.00189995827644
-0.00162869858956 0.00162869858956
-0.00132818909368 0.00132818909368
-0.00100344630103 0.00100344630103
-0.000659927078411 0.000659927078411
-0.000303436982377 0.000303436982377
5.99678408168e-05 -5.99678408168e-05
0.000424083533271 -0.000424083533271
0.000782664433897 -0.000782664433897
0.00112953020928 -0.00112953020928
0.00145867236936 -0.00145867236936
0.0017643583323 -0.0017643583323
0.00204123123638 -0.00204123123638
0.00228440376168 -0.00228440376168
0.00248954431902 -0.00248954431902
0.00265295408781 -0.00265295408781
0.00277163353438 -0.00277163353438
0.00284333721757 -0.00284333721757
0.00286661588418 -0.00286661588418
0.00284084507105 -0.00284084507105
0.00276623965945 -0.00276623965945
0.00264385406635 -0.00264385406635
0.0024755680033 -0.0024755680033
0.00226405798138 -0.00226405798138
0.00201275498723 -0.00201275498723
0.00172578899469 -0.00172578899469
0.00140792120668 -0.00140792120668
0.00106446513677 -0.00106446513677
0.000701197837248 -0.000701197837248
0.000324262755905 -0.000324262755905
-5.99341454913e-05 5.99341454913e-05
-0.000444833254672 0.000444833254672
-0.000823833304372 0.000823833304372
-0.00119040458772 0.00119040458772
-0.0015382014518 0.0015382014518
-0.00186117213146 0.00186117213146
-0.00215366402254 0.00215366402254
-0.00241052256373 0.00241052256373
-0.00262718199819 0.00262718199819
-0.00279974641798 0.00279974641798
-0.00292505965464 0.00292505965464
-0.00300076276487 0.00300076276487
-0.00302533806799 0.00302533806799
-0.00299813891886 0.00299813891886
-0.00291940464179 0.00291940464179
-0.00279026030364 0.00279026030364
-0.00261270126376 0.00261270126376
-0.0023895627003 0.0023895627003
-0.00212447457124 0.00212447457124
-0.00182180272175 0.00182180272175
-0.00148657709013 0.00148657709013
-0.00112440819129 0.00112440819129
-0.000741393263028 0.000741393263028
-0.000344013644344 0.000344013644344
6.09748874754e-05 -6.09748874754e-05
0.000466656965788 -0.000466656965788
0.000866075717155 -0.000866075717155
0.00125235206125 -0.00125235206125
0.0016188031823 -0.0016188031823
0.00195905813183 -0.00195905813183
0.00226716856324 -0.00226716856324
0.00253771267385 -0.00253771267385
0.00276589053914 -0.00276589053914
0.00294760916382 -0.00294760916382
0.00307955574466 -0.00307955574466
0.00315925783619 -0.00315925783619
