0.0 0.0 0.0 0.0 0.0 0.0
5.17873696856e-08 5.17873696775e-08 -5.6758957627e-08 -2.83794788126e-08 -2.56827697662e-15 2.34332126788e-15
3.18002775285e-07 3.18002775288e-07 -3.38587868598e-07 -1.69293934298e-07 -1.53206593551e-14 1.4389317613e-14
1.01631440354e-06 1.01631440354e-06 -1.0627672326e-06 -5.31383616303e-07 -4.80884369162e-14 4.59876057901e-14
2.3496947161e-06 2.3496947161e-06 -2.43124640862e-06 -1.21562320431e-06 -1.10008124154e-13 1.06323853968e-13
4.49876202996e-06 4.49876202997e-06 -4.62352081824e-06 -2.31176040912e-06 -2.09198145069e-13 2.03574252675e-13
7.61562849848e-06 7.61562849849e-06 -7.79008891826e-06 -3.89504445913e-06 -3.52461650281e-13 3.44628263342e-13
1.18177198917e-05 1.18177198917e-05 -1.20466602822e-05 -6.02333014109e-06 -5.45023474184e-13 5.34809949314e-13
1.71831299276e-05 1.71831299276e-05 -1.74692689472e-05 -8.73463447358e-06 -7.90308470226e-13 7.77668344125e-13
2.37464824808e-05 2.37464824808e-05 -2.40904253634e-05 -1.20452126817e-05 -1.08976748989e-12 1.07479015977e-12
3.14963699923e-05 3.14963699923e-05 -3.18964163782e-05 -1.59482081891e-05 -1.44275612249e-12 1.42568301443e-12
4.03736623662e-05 4.03736623662e-05 -4.08258361254e-05 -2.04129180627e-05 -1.84647001374e-12 1.8276971613e-12
5.02713935895e-05 5.02713935895e-05 -5.07694021138e-05 -2.53847010569e-05 -2.29593917061e-12 2.27601777437e-12
6.1035714414e-05 6.1035714414e-05 -6.15710807825e-05 -3.07855403912e-05 -2.78408217628e-12 2.76370479106e-12
7.24683493191e-05 7.24683493191e-05 -7.3030516001e-05 -3.65152580005e-05 -3.30181972853e-12 3.28180044059e-12
8.4330156207e-05 8.4330156207e-05 -8.49067230896e-05 -4.24533615448e-05 -3.83824542058e-12 3.8194866551e-12
9.63460240689e-05 9.63460240689e-05 -9.69229806057e-05 -4.84614903029e-05 -4.38085025088e-12 4.36430347062e-12
0.000108210764408 0.000108210764408 -0.000108772823047 -5.43864115234e-05 -4.91579601658e-12 4.90241329255e-12
0.000119596078772 0.000119596078772 -0.000120127010411 -6.00635052054e-05 -5.42823155029e-12 5.41891520175e-12
0.00013015828553 0.00013015828553 -0.000130641325831 -6.53206629157e-05 -5.9026447299e-12 5.8981952978e-12
0.000139546775977 0.000139546775977 -0.00013996503084 -6.99825154198e-05 -6.32324234676e-12 6.32431195547e-12
0.000147412896869 0.000147412896869 -0.00014774978968 -7.387489484e-05 -6.6743492717e-12 6.68140231754e-12
0.000153419152216 0.000153419152216 -0.00015365885997 -7.68294299852e-05 -6.94081791589e-12 6.95410502897e-12
0.000157248433856 0.000157248433856 -0.000157376337173 -7.86881685863e-05 -7.10843874178e-12 7.12798569461e-12
0.000158613127798 0.000158613127798 -0.000158616235112 -7.9308117556e-05 -7.16434253098e-12 7.18995758802e-12
0.000157263824709 0.000157263824709 -0.000157131184287 -7.85655921436e-05 -7.09738524696e-12 7.12868459546e-12
0.000152997464255 0.000152997464255 -0.000152720534036 -7.63602670182e-05 -6.89850662699e-12 6.93495787179e-12
0.000145664671653 0.000145664671653 -0.000145237653718 -7.26188268592e-05 -6.56105408266e-12 6.60203440691e-12
0.000135176124488 0.000135176124488 -0.000134596241804 -6.72981209018e-05 -6.08106406606e-12 6.12592935811e-12
0.000121507751171 0.000121507751171 -0.000120775469898 -6.03877349489e-05 -5.45749375613e-12 5.50565246182e-12
0.000104704629493 0.000104704629493 -0.000103823810939 -5.19119054692e-05 -4.69239672529e-12 4.74338208086e-12
8.48834422464e-05 8.48834422464e-05 -8.38614266524e-05 -4.19307133262e-05 -3.79103715263e-12 3.844570191e-12
6.22334064313e-05 6.22334064313e-05 -6.10810183899e-05 -3.05405091949e-05 -2.76193815282e-12 2.81797462366e-12
3.70155987501e-05 3.70155987501e-05 -3.57470770347e-05 -1.78735385174e-05 -1.61686088572e-12 1.67561550061e-12
9.56065442602e-06 9.56065442602e-06 -8.19350124759e-06 -4.0967506238e-06 -3.70712301638e-13 4.32655588524e-13
-1.97351660463e-05 -1.97351660463e-05 2.11804118877e-05 1.05902059439e-05 9.58619342555e-13 -8.92794608872e-13
-5.04154980657e-05 -5.04154980657e-05 5.19155643645e-05 2.59577821823e-05 2.35050069163e-12 -2.27994373204e-12
-8.19709143142e-05 -8.19709143142e-05 8.3500168249e-05 4.17500841245e-05 3.78185926984e-12 -3.70565393131e-12
-0.000113847374698 -0.000113847374698 0.000115378261237 5.76891306183e-05 5.22755575605e-12 -5.14483621325e-12
-0.000145455948383 -0.000145455948383 0.000146959485193 7.34797425963e-05 6.66081751863e-12 -6.57089924131e-12
-0.000176183634491 -0.000176183634491 0.000177629955815 8.88149779073e-05 8.05372678952e-12 -7.95624261286e-12
-0.000205405086011 -0.000205405086011 0.000206764024286 0.000103382012143 9.37775529225e-12 -9.27278497309e-12
-0.000232495013184 -0.000232495013184 0.000233736708152 0.000116868354076 1.06043356397e-11 -1.04925164747e-11
-0.000256841026652 -0.000256841026652 0.000257936549187 0.000128968274594 1.17054584359e-11 -1.15880648603e-11
-0.000277856662545 -0.000277856662545 0.000278778641237 0.000139389320618 1.26542828094e-11 -1.25332641469e-11
-0.000294994324222 -0.000294994324223 0.0002957175612 0.0001478587806 1.34257471369e-11 -1.33037150569e-11
-0.000307757868528 -0.000307757868528 0.000308259931914 0.000154129965957 1.39971660381e-11 -1.38773264873e-11
-0.000315714566955 -0.000315714566955 0.000315976346686 0.000157988173343 1.43487993892e-11 -1.42348277733e-11
-0.000318506177012 -0.000318506177012 0.00031851239187 0.000159256195935 1.44643791658e-11 -1.43602419582e-11
-0.000315858872133 -0.000315858872133 0.000315598515983 0.000157799257992 1.43315803944e-11 -1.42413109346e-11
-0.000307591794768 -0.000307591794768 0.000307058511419 0.00015352925571 1.39424234004e-11 -1.38698639651e-11
-0.000293624020498 -0.000293624020498 0.000292816397397 0.000146408198698 1.32935958655e-11 -1.32421218552e-11
-0.000273979747491 -0.000273979747491 0.000272901520214 0.000136450760107 1.23866849264e-11 -1.23589298111e-11
-0.000248791557669 -0.000248791557669 0.000247451718505 0.000123725859253 1.12283116121e-11 -1.12259128758e-11
-0.000218301630691 -0.000218301630691 0.000216714436601 0.000108357218301 9.8301622582e-12 -9.85354871449e-12
-0.000182860830559 -0.000182860830559 0.00018104570753 9.05228537648e-05 8.20891407454e-12 -8.25715352004e-12
-0.00014292562507 -0.00014292562507 0.000140906968027 7.04534840136e-05 6.38605467879e-12 -6.45677787237e-12
-9.9052840927e-05 -9.9052840927e-05 9.68597103123e-05 4.84298551562e-05 4.38759804874e-12 -4.4770106047e-12
-5.18923002526e-05 -5.18923002526e-05 4.95580185535e-05 2.47790092768e-05 2.2437018875e-12 -2.34669006829e-12
-2.17742756291e-06 -2.17742756291e-06 -2.60918947829e-07 -1.30459473915e-07 -1.18062523851e-14 -9.85237072584e-14
4.92860416852e-05 4.92860416852e-05 -5.17881886696e-05 -2.58940943348e-05 -2.34198465894e-12 2.23138147356e-12
0.00010163307923 0.00010163307923 -0.000104156248306 -5.20781241527e-05 -4.70740379116e-12 4.60407311905e-12
0.000153953899272 0.000153953899272 -0.000156453529377 -7.82267646884e-05 -7.0668307086e-12 6.97838600842e-12
0.000205309766679 0.000205309766679 -0.000207740300294 -0.000103870150147 -9.37795809128e-12 9.31164432359e-12
0.000254749803539 0.000254749803539 -0.000257065513894 -0.000128532756947 -1.15981637739e-11 1.15604230848e-11
0.000301328493738 0.000301328493738 -0.000303484338049 -0.000151742169024 -1.36852865298e-11 1.36813560312e-11
0.000344123564947 0.000344123564947 -0.000346076047847 -0.000173038023924 -1.5598403992e-11 1.56319752333e-11
0.000382253912874 0.000382253912874 -0.000383961943709 -0.000191980971854 -1.72985990352e-11 1.73715659423e-11
0.000414897224429 0.000414897224429 -0.00041632295179 -0.000208161475895 -1.87497016058e-11 1.88620187073e-11
0.000441306954671 0.000441306954671 -0.000442416561646 -0.000221208280823 -1.99189938069e-11 2.00686597311e-11
0.000460828317322 0.000460828317322 -0.000461592761333 -0.000230796380667 -2.07778669565e-11 2.09610398778e-11
0.000472912960195 0.000472912960195 -0.000473308642006 -0.000236654321003 -2.13024202913e-11 2.15136627602e-11
0.00047713201505 0.00047713201505 -0.000477141362543 -0.000238570681271 -2.14739919214e-11 2.17066329887e-11
0.000473187235818 0.000473187235818 -0.000472799189484 -0.000236399594742 -2.12796135429e-11 2.15262069601e-11
0.000460919969607 0.000460919969607 -0.000460130358277 -0.000230065179138 -2.07123812466e-11 2.09652305088e-11
0.000440317740814 0.000440317740814 -0.000439129538 -0.000219564769 -1.97717355465e-11 2.00234502843e-11
0.000411518269466 0.000411518269466 -0.000409941722779 -0.000204970861389 -1.84636444891e-11 1.87076887729e-11
0.000374810789946 0.000374810789946 -0.000372863418278 -0.000186431709139 -1.68006844455e-11 1.70318763417e-11
0.000330634584647 0.000330634584647 -0.00032834104022 -0.00016417052011 -1.48020139703e-11 1.50169374125e-11
0.000279574698065 0.000279574698065 -0.000276966492934 -0.000138483246467 -1.24932369906e-11 1.26905317146e-11
0.000222354849386 0.000222354849386 -0.000219469948544 -0.000109734974272 -9.90615262624e-12 1.00866553598e-11
0.000159827614824 0.000159827614824 -0.000156709900602 -7.83549503012e-05 -7.0783901936e-12 7.24511006885e-12
9.29620038044e-05 9.29620038044e-05 -8.96606187855e-05 -4.48303093928e-05 -4.0529294584e-12 4.21085211823e-12
2.28286045337e-05 2.28286045338e-05 -1.93971826126e-05 -9.69859130629e-06 -8.77508009302e-13 1.03323533287e-12
-4.94174764027e-05 -4.94174764027e-05 5.29216788789e-05 2.64608394395e-05 2.39608025793e-12 -2.2348353519e-12
-0.000122555610024 -0.000122555610024 0.00012607266901 6.30363345049e-05 5.71278914284e-12 -5.53782166678e-12
-0.00019532026464 -0.00019532026464 0.000198788613127 9.93943065636e-05 9.0152175539e-12 -8.81852210307e-12
-0.000266422900971 -0.000266422900971 0.000269780406186 0.000134890203093 1.22445883979e-11 -1.20190750015e-11
-0.000334574763946 -0.000334574763946 0.000337759838165 0.000168879919082 1.53417940603e-11 -1.50819755804e-11
-0.000398510168455 -0.000398510168455 0.00040146289362 0.00020073144681 1.82484906792e-11 -1.79510886063e-11
-0.000457009859508 -0.000457009859508 0.000459673105187 0.000229836552594 2.09082206876e-11 -2.05726395586e-11
-0.000508924017953 -0.000508924017953 0.00051124453193 0.000255622265965 2.32675407142e-11 -2.28961685583e-11
-0.00055319448142 -0.00055319448142 0.000555123932315 0.000277561966158 2.52771300581e-11 -2.48754329057e-11
-0.000588875756717 -0.000588875756717 0.000590371708556 0.000295185854278 2.6892853738e-11 -2.64692456876e-11
-0.000615154414402 -0.000615154414402 0.000616181213926 0.000308090606963 2.80767537028e-11 -2.76422394715e-11
-0.000631366478644 -0.000631366478644 0.000631896037426 0.000315948018713 2.87979422677e-11 -2.83655455172e-11
-0.000637012455425 -0.000637012455425 0.000637024910462 0.000318512455231 2.90333732812e-11 -2.86173801644e-11
-0.000631769679194 -0.000631769679194 0.000631253917594 0.000315626958797 2.87684689208e-11 -2.83835310482e-11
-0.000615501701702 -0.000615501701702 0.000614455737324 0.000307227868662 2.79975833253e-11 -2.7657736578e-11
-0.000588264496176 -0.000588264496176 0.000586695688591 0.000293347844295 2.67242883813e-11 -2.64419527053e-11
-0.00055030930449 -0.00055030930449 0.000548234413348 0.000274117206674 2.49614717366e-11 -2.47465014616e-11
-0.000502082013496 -0.000502082013496 0.000499527084288 0.000249763542144 2.27312423135e-11 -2.25900961539e-11
-0.000444219008314 -0.000444219008314 0.000441219088527 0.000220609544263 2.00646439966e-11 -1.99997385499e-11
-0.000377539513941 -0.000377539513941 0.000374138201695 0.000187069100847 1.70011835449e-11 -1.70104839747e-11
-0.000303034500946 -0.000303034500946 0.000299283331302 0.000149641665651 1.35881838549e-11 -1.36650710863e-11
-0.00022185229506 -0.00022185229506 0.000217809972237 0.000108904986118 9.87997827294e-12 -1.00134142863e-11
-0.000135281093005 -0.000135281093005 0.000131012579681 6.55062898407e-05 5.93696551629e-12 -6.11195834659e-12
-4.47286466818e-05 -4.47286466818e-05 4.03041243733e-05 2.01520621866e-05 1.82454777282e-12 -2.02289694597e-12
4.83005661983e-05 4.83005661983e-05 -5.28068491345e-05 -2.64034245672e-05 -2.3880233873e-12 2.18674056973e-12
0.000142230315934 0.000142230315934 -0.00014674128979 -7.33706448951e-05 -6.62886756055e-12 6.44612677232e-12
0.000235439324945 0.000235439324945 -0.000239876416767 -0.000119938208384 -1.08247366445e-11 1.06817871022e-11
0.000326289249806 0.000326289249806 -0.000330573751565 -0.000165286875783 -1.49022913938e-11 1.48188493374e-11
0.000413153458287 0.000413153458287 -0.000417207921303 -0.000208603960651 -1.87893696728e-11 1.87823726939e-11
0.000494446096278 0.000494446096278 -0.000498195727222 -0.000249097863611 -2.24162246875e-11 2.24987336598e-11
0.000568650926134 0.000568650926134 -0.000572024959508 -0.000286012479754 -2.57167138663e-11 2.58970419082e-11
0.000634349413839 0.000634349413839 -0.000637282435863 -0.000318641217932 -2.86294216377e-11 2.89105563663e-11
0.000690247547745 0.000690247547745 -0.000692680747069 -0.000346340373534 -3.10987019439e-11 3.14780690003e-11
0.000735200886409 0.000735200886409 -0.000737083207994 -0.000368541603997 -3.30756287628e-11 3.3545222314e-11
0.000768237357224 0.000768237357224 -0.00076952653713 -0.000384763268565 -3.45188450644e-11 3.5065726167e-11
0.000788577360715 0.000788577360715 -0.000789240821325 -0.000394620410662 -3.53953023961e-11 3.6002440412e-11
0.000795650777087 0.000795650777087 -0.000795666364512 -0.000397833182256 -3.56808846313e-11 3.6328292118e-11
0.000789110521309 0.000789110521309 -0.000788467069272 -0.000394233534636 -3.53609103096e-11 3.60269997518e-11
0.00076884234977 0.00076884234977 -0.00076754005716 -0.00038377002858 -3.44305084878e-11 3.50935815521e-11
0.000734970684529 0.000734970684529 -0.000733021296976 -0.000366510648488 -3.2894863177e-11 3.35346312572e-11
0.000687860289306 0.000687860289306 -0.000685287078502 -0.000342643539251 -3.07693213722e-11 3.13683510772e-11
0.000628113703425 0.000628113703425 -0.000624951241458 -0.000312475620729 -2.80793595302e-11 2.86243390296e-11
0.000556564414731 0.000556564414731 -0.000552858144353 -0.000276429072176 -2.48604032647e-11 2.53431351176e-11
0.000474265828722 0.000474265828722 -0.000470071434119 -0.00023503571706 -2.11574951786e-11 2.15755379653e-11
0.000382476167348 0.000382476167348 -0.000377858753654 -0.000188929376827 -1.70248062986e-11 1.73817100822e-11
0.000282639505861 0.000282639505861 -0.000277672599178 -0.000138836299589 -1.25249876632e-11 1.28300955947e-11
0.000176363228278 0.000176363228278 -0.000171127611384 -8.55638056921e-05 -7.72836036522e-12 7.99617881437e-12
6.53922501946e-05 6.53922501946e-05 -5.99746522258e-05 -2.99873261129e-05 -2.71194484357e-12 2.9611152378e-12
-4.84195795524e-05 -4.84195795524e-05 5.39279182282e-05 2.69639591141e-05 2.4416665173e-12 -2.18973159467e-12
-0.00016314043054 -0.00016314043054 0.000168645294553 8.43226472766e-05 7.64558541029e-12 -7.36831349388e-12
-0.000276793279298 -0.000276793279298 0.000282199089748 0.000141099544874 1.28100395225e-11 -1.24854482136e-11
-0.000387389978255 -0.000387389978255 0.000392601451858 0.000196300725929 1.78439024714e-11 -1.74523661242e-11
-0.00049296601802 -0.00049296601802 0.000497889845142 0.000248944922571 2.26563184801e-11 -2.2182224689e-11
-0.000591615375487 -0.000591615375487 0.000596161887528 0.000298080943764 2.715839313e-11 -2.65915659216e-11
-0.000681524830351 -0.000681524830351 0.000685609626746 0.000342804813373 3.12649165004e-11 -3.06016958111e-11
-0.000761007133736 -0.000761007133736 0.000764552639144 0.000382276319572 3.4896080671e-11 -3.41399685786e-11
-0.000828532424712 -0.000828532424712 0.000831469347814 0.000415734673907 3.79791502775e-11 -3.71409623196e-11
-0.000882757313587 -0.000882757313587 0.00088502598028 0.00044251299014 4.04500428863e-11 -3.95475358889e-11
-0.000922551084591 -0.000922551084591 0.000924102620254 0.000462051310127 4.22547756456e-11 -4.13117596128e-11
-0.000947018514602 -0.000947018514602 0.000947815852429 0.000473907926215 4.33507361632e-11 -4.23957144865e-11
-0.000955518858049 -0.000955518858049 0.000955537553266 0.000477768776633 4.37077389094e-11 -4.27721558613e-11
-0.000947680610421 -0.000947680610421 0.000946909443365 0.000473454721683 4.33088336148e-11 -4.24250382852e-11
-0.000923411732745 -0.000923411732745 0.000921853087337 0.000460926543669 4.21508389389e-11 -4.13498981876e-11
-0.000882905095914 -0.000882905095914 0.000880575103842 0.000440287551921 4.02445828462e-11 -3.95540906342e-11
-0.000826638985494 -0.000826638985494 0.000823567430487 0.000411783715244 3.76148402472e-11 -3.70568755801e-11
-0.000755372593278 -0.000755372593278 0.000751602574024 0.000375801287012 3.42999680755e-11 -3.38893481276e-11
-0.000670136509839 -0.000670136509839 0.000665723864354 0.000332861932177 3.03512475795e-11 -3.00942064739e-11
-0.000572218321176 -0.000572218321176 0.000567230819711 0.000283615409855 2.58319526959e-11 -2.57253507413e-11
-0.000463143500621 -0.000463143500621 0.000457659818376 0.000228829909188 2.08161714748e-11 -2.08473059538e-11
-0.000344651872941 -0.000344651872941 0.000338760357908 0.000169380178954 1.5387414243e-11 -1.5534463257e-11
-0.000218670009454 -0.000218670009454 0.000212467264504 0.000106233632252 9.63704722468e-12 -9.87013524463e-12
-8.72799894467e-05 -8.72799894467e-05 8.08692913378e-05 4.04346456689e-05 3.66259351101e-12 -3.94542407109e-12
4.73149671174e-05 4.73149671174e-05 -5.38253860075e-05 -2.69126930038e-05 -2.43405546905e-12 2.14209506272e-12
0.000182827429095 0.000182827429095 -0.000189326207735 -9.46631038673e-05 -8.54847539704e-12 8.28986749642e-12
0.000316924627126 0.000316924627126 -0.000323299180668 -0.000161649590334 -1.45755510673e-11 1.43920163135e-11
0.000447268609492 0.000447268609492 -0.000453407079399 -0.000226703539699 -2.0411288152e-11 2.03411430857e-11
0.000571556989645 0.000571556989645 -0.000577350205325 -0.000288675102662 -2.595456252e-11 2.60302450534e-11
0.000687563575479 0.000687563575479 -0.000692906993061 -0.000346453496531 -3.11087801088e-11 3.13547145827e-11
0.000793178164033 0.000793178164033 -0.000797973747885 -0.000398986873942 -3.57834257843e-11 3.62143801025e-11
0.000886444791568 0.000886444791568 -0.000890602804785 -0.000445301402393 -3.98954849295e-11 4.05155419817e-11
0.000965597747876 0.000965597747876 -0.000969038419167 -0.000484519209583 -4.33707263376e-11 4.41729524289e-11
0.00102909469501 0.00102909469501 -0.00103174973121 -0.000515874865605 -4.61448391032e-11 4.71116859099e-11
0.00107564627404 0.00107564627404 -0.00107746018985 -0.000538730094924 -4.81644194106e-11 4.92688461413e-11
0.00110424163821 0.00110424163821 -0.00110517287762 -0.000552586438808 -4.93878053064e-11 5.05950576486e-11
0.00111416941615 0.00111416941615 -0.0011141912435 -0.000557095621752 -4.97857586994e-11 5.1055694274e-11
0.00110503368387 0.00110503368387 -0.00110413482613 -0.000552067413067 -4.93419940019e-11 5.06318037908e-11
0.00107676460706 0.00107676460706 -0.00107494963317 -0.000537474816585 -4.80535521477e-11 4.93206966842e-11
0.00102962350542 0.00102962350542 -0.00102691293313 -0.000513456466565 -4.59310173839e-11 4.7136177775e-11
0.000964202186373 0.000964202186373 -0.000960632311452 -0.000480316155726 -4.29985724786e-11 4.4108411161e-11
0.000881416494181 0.000881416494181 -0.000877038941916 -0.000438519470958 -3.92938860914e-11 4.0283421272e-11
0.000782494122143 0.000782494122143 -0.000777375125816 -0.000388687562908 -3.48678243317e-11 3.57222450203e-11
0.000668956836759 0.000668956836759 -0.000663176252686 -0.000331588126343 -2.97839772771e-11 3.04997613719e-11
0.000542597362742 0.000542597362742 -0.000536247436196 -0.000268123718098 -2.41179907529e-11 2.47032345776e-11
0.000405451274379 0.000405451274379 -0.000398635175238 -0.000199317587619 -1.79566942445e-11 1.84306152637e-11
0.000259764330284 0.000259764330284 -0.000252594481517 -0.000126297240759 -1.13970176507e-11 1.17886492331e-11
0.000107955773439 0.000107955773439 -0.000100551999424 -5.02759997121e-05 -4.54469283349e-12 4.89084699086e-12
-4.74218050683e-05 -4.74218050683e-05 5.49342799413e-05 2.74671399706e-05 2.48725935819e-12 -2.14463235011e-12
-0.000203725373371 -0.000203725373371 0.000211218042409 0.000105609021205 9.58024976935e-12 -9.19713082822e-12
-0.000358266416222 -0.000358266416222 0.000365609688631 0.000182804844316 1.66120350955e-11 -1.61456268627e-11
-0.000508357177753 -0.000508357177753 0.000515422619741 0.000257711309871 2.34588029088e-11 -2.28708131484e-11
-0.000651357394257 -0.000651357394257 0.00065801997428 0.00032900998714 2.99973960011e-11 -2.92570809476e-11
-0.000784720704632 -0.000784720704632 0.000790861003546 0.000395430501773 3.61076354909e-11 -3.51943816591e-11
-0.000906039923256 -0.000906039923256 0.000911546270364 0.000455773135182 4.1674693666e-11 -4.05799438044e-11
-0.00101309037153 -0.00101309037153 0.00101786086837 0.000508930434183 4.65914602172e-11 -4.5319830444e-11
-0.00110387048997 -0.00110387048997 0.00110781488527 0.000553907442635 5.0760839978e-11 -4.93303281421e-11
-0.00117663899237 -0.00117663899237 0.00117968037391 0.000589840186955 5.40979170751e-11 -5.25391636079e-11
-0.00122994787664 -0.00122994787664 0.00123202414844 0.000616012074219 5.65319199734e-11 -5.48865478513e-11
-0.00126267067237 -0.00126267067237 0.00126373578924 0.000631867894619 5.80079245437e-11 -5.63260500004e-11
-0.00127402538243 -0.00127402538243 0.00127405031782 0.000637025158912 5.84882380861e-11 -5.68253038374e-11
-0.00126359166335 -0.00126359166335 0.00126256509084 0.00063128254542 5.79534160669e-11 -5.63665497184e-11
-0.00123132188544 -0.00123132188544 0.001229250559 0.000614625279502 5.64028748095e-11 -5.49470130428e-11
-0.00117754581726 -0.00117754581726 0.00117445464069 0.000587227320347 5.38550769577e-11 -5.25791180839e-11
-0.00110296878805 -0.00110296878805 0.00109890056918 0.000549450284589 5.03472814486e-11 -4.92905331077e-11
-0.00100866329456 -0.00100866329456 0.00100367818526 0.000501839092631 4.59348651553e-11 -4.51240396535e-11
-0.000896054132815 -0.000896054132815 0.000890228761631 0.000445114380816 4.06902383673e-11 -4.01372160108e-11
-0.000766897249811 -0.000766897249811 0.000760323559126 0.000380161779563 3.47013900224e-11 -3.44019227027e-11
-0.000623252621646 -0.000623252621646 0.000616036426799 0.000308018213399 2.80701102882e-11 -2.80035765476e-11
-0.000467451572122 -0.000467451572122 0.000459710864878 0.000229855432439 2.09099471333e-11 -2.10401999767e-11
-0.000302059047153 -0.000302059047153 0.000293922070576 0.000146961035288 1.33439594983e-11 -1.36212339976e-11
-0.000129831453411 -0.000129831453411 0.0001214345795 6.07172897501e-05 5.5023324148e-12 -5.86610673789e-12
4.63292468868e-05 4.63292468868e-05 -5.48438017333e-05 -2.74219008667e-05 -2.48008101508e-12 2.09744506359e-12
0.000223424421156 0.000223424421156 -0.000231911004582 -0.000115955502291 -1.04662292086e-11 1.01352969425e-11
0.000398409808257 0.000398409808257 -0.000406721823523 -0.000203360911762 -1.83192874792e-11 1.81090863327e-11
0.000568247848178 0.000568247848178 -0.000576240286236 -0.000288120143118 -2.5904991067e-11 2.58785670052e-11
0.000729960400054 0.000729960400054 -0.000737492368402 -0.000368746184201 -3.30938365423e-11 3.33041333035e-11
0.000880680933781 0.000880680933781 -0.000887618138005 -0.000443809069003 -3.97631216635e-11 4.02494678964e-11
0.00101770528108 0.00101770528108 -0.00102392241542 -0.000511961207709 -4.57988030039e-11 4.65842560759e-11
0.0011385400485 0.0011385400485 -0.00114392305291 -0.000571961526456 -5.10971591697e-11 5.2186900317e-11
0.00124094782726 0.00124094782726 -0.00124539597052 -0.000622697985261 -5.55662547478e-11 5.69471616708e-11
0.00132298838292 0.00132298838292 -0.00132641613374 -0.000663208066868 -5.91272058995e-11 6.07686503164e-11
0.00138305507022 0.00138305507022 -0.00138539372192 -0.000692696860961 -6.17152525291e-11 6.3571086823e-11
0.0014199057951 0.0014199057951 -0.00142110481332 -0.000710552406658 -6.32806441372e-11 6.52922587506e-11
0.00143268793466 0.00143268793466 -0.00143271600196 -0.000716358000978 -6.37893468597e-11 6.58896042569e-11
0.00142095672594 0.00142095672594 -0.00141980246251 -0.000709901231253 -6.32235779566e-11 6.53413652018e-11
0.0013846867439 0.0013846867439 -0.00138235908874 -0.000691179544368 -6.15821714173e-11 6.36472663882e-11
0.00132427620592 0.00132427620592 -0.00132080444889 -0.000660402224446 -5.88807747259e-11 6.08286942965e-11
0.0012405439631 0.0012405439631 -0.00123597742406 -0.000617988712031 -5.51518725999e-11 5.69283670226e-11
0.00113471916465 0.00113471916465 -0.00112912652208 -0.000564563261042 -5.0444629118e-11 5.20095059983e-11
0.00100842370931 0.00100842370931 -0.00100189198704 -0.000500945993519 -4.48245355745e-11 4.61545383303e-11
0.000863647724604 0.000863647724604 -0.000856280951062 -0.000428140475531 -3.83728481213e-11 3.94633751206e-11
0.000702718437994 0.000702718437994 -0.000694635998598 -0.000347317999299 -3.11857972409e-11 3.20513249817e-11
0.000528262922806 0.000528262922806 -0.000519597631207 -0.000259798815604 -2.33735507724e-11 2.40467123783e-11
0.000343165312249 0.000343165312249 -0.00033406123161 -0.000167030615805 -1.50589139172e-11 1.55882769563e-11
0.000150519176691 0.000150519176691 -0.000141129226633 -7.05646133163e-05 -6.37575364827e-12 6.82243247558e-12
-4.64241505267e-05 -4.64241505267e-05 5.59407615946e-05 2.79703807973e-05 2.53285867119e-12 -2.09953750904e-12
-0.000244310436096 -0.000244310436096 0.000253790910156 0.000126895455078 1.15167839207e-11 -1.10242750875e-11
-0.000439739672989 -0.000439739672989 0.000449020407355 0.000224510203677 2.04212177335e-11 -1.97990703477e-11
-0.000629324497044 -0.000629324497044 0.000638243907415 0.000319121953707 2.90893330008e-11 -2.82744565064e-11
-0.000809748890239 -0.000809748890239 0.000818150223157 0.000409075111578 3.73651229248e-11 -3.63066350424e-11
-0.000977826153471 -0.000977826153471 0.000985560239254 0.000492780119627 4.50963913726e-11 -4.37596998451e-11
-0.0011305551358 -0.0011305551358 0.00113748303362 0.000568741516811 5.21378241598e-11 -5.05076408044e-11
-0.00126517372892 -0.00126517372892 0.00127116921718 0.000635584608589 5.83540634593e-11 -5.64361176035e-11
-0.00137920867476 -0.00137920867476 0.00138416054226 0.000692080271132 6.3622698784e-11 -6.14440031762e-11
-0.00147052079064 -0.00147052079064 0.00147433488703 0.000737167443515 6.78370828283e-11 -6.54447029668e-11
-0.00153734478813 -0.00153734478813 0.00153994579606 0.000769972898031 7.09088796041e-11 -6.8367260551e-11
-0.00157832294953 -0.00157832294953 0.00157965584544 0.000789827922719 7.27702562106e-11 -7.01572622931e-11
-0.00159253202616 -0.00159253202616 0.00159256320172 0.000796281600862 7.33756383587e-11 -7.07775536103e-11
-0.00157950283558 -0.00157950283558 0.00157822085761 0.000789110428803 7.27029631832e-11 -7.02087773187e-11
-0.00153923215738 -0.00153923215738 0.00153664814991 0.000768324074956 7.0754380284e-11 -6.84497407864e-11
-0.00147218665779 -0.00147218665779 0.00146833429674 0.00073416714837 6.75563724009e-11 -6.55176136318e-11
-0.00137929870975 -0.00137929870975 0.00137423382701 0.000687116913506 6.31592894001e-11 -6.14479519928e-11
-0.00126195411494 -0.00126195411494 0.00125575391559 0.000627876957795 5.76363119624e-11 -5.62945394734e-11
-0.00112197187484 -0.00112197187484 0.00111473377795 0.000557366888976 5.10818830724e-11 -5.01290293455e-11
-0.000961576297441 -0.000961576297441 0.000953416417534 0.000476708208767 4.36096647579e-11 -4.30403680035e-11
-0.000783361861616 -0.000783361861616 0.000774413154165 0.000387206577083 3.53500933788e-11 -3.51339766041e-11
-0.000590251390199 -0.000590251390199 0.000580661490741 0.000290330745371 2.64476182323e-11 -2.65306667903e-11
-0.000385448203697 -0.000385448203697 0.000375376995491 0.000187688497745 1.70577148473e-11 -1.73652678184e-11
-0.000172383036173 -0.000172383036173 0.000161999986457 8.09999932286e-05 7.3437659398e-12 -7.78494660236e-12
4.53434079085e-05 4.53434079085e-05 -5.58620987137e-05 -2.79310493569e-05 -2.52610013434e-12 2.0527906815e-12
0.000264021294518 0.000264021294518 -0.000274495682734 -0.000137247841367 -1.23821308992e-11 1.19824167614e-11
0.000479894870739 0.000479894870739 -0.000490144347732 -0.000245072173866 -2.20559593544e-11 2.18330098723e-11
0.000689226968264 0.000689226968264 -0.000699073374477 -0.000349536687238 -3.1383442719e-11 3.14311626451e-11
0.000888363691911 0.000888363691911 -0.00089763441293 -0.000448817206465 -4.02072856222e-11 4.06041309177e-11
0.00107379817358 0.00107379817358 -0.00108232916445 -0.000541164582225 -4.83794174751e-11 4.91831634371e-11
0.00124223227968 0.00124223227968 -0.0012498709645 -0.00062493548225 -5.57631074365e-11 5.70069374434e-11
0.00139063518703 0.00139063518703 -0.00139724318264 -0.000698621591321 -6.22348124971e-11 6.39250110591e-11
0.00151629778829 0.00151629778829 -0.00152175340353 -0.000760876701763 -6.76857641396e-11 6.98011924816e-11
0.00161688195252 0.00161688195252 -0.00162108241796 -0.000810541208979 -7.20233063577e-11 7.4516719332e-11
0.00169046374814 0.00169046374814 -0.00169332713575 -0.000846663567873 -7.51720023492e-11 7.79731400285e-11
0.00173556983379 0.00173556983379 -0.00173703663081 -0.000868518315406 -7.70745289053e-11 8.00947933324e-11
0.00175120633502 0.00175120633502 -0.00175124064225 -0.000875620321126 -7.76923765794e-11 8.08307923975e-11
0.00173687964991 0.00173687964991 -0.00173546998077 -0.000867734990386 -7.70063704288e-11 8.01564354604e-11
0.00169260876269 0.00169260876269 -0.00168976842625 -0.000844884213125 -7.5017020914e-11 7.80739859736e-11
0.00161892878841 0.00161892878841 -0.00161469584665 -0.000807347923324 -7.17447079356e-11 7.46127893226e-11
0.00151688562186 0.00151688562186 -0.00151132241872 -0.000755661209358 -6.72296935745e-11 6.98287197831e-11
0.0013880217172 0.0013880217172 -0.00138121398435 -0.000690606992173 -6.15319515186e-11 6.3802978338e-11
0.00123435317862 0.00123435317862 -0.0012264087304 -0.000613204365201 -5.47307940828e-11 5.66402876458e-11
0.00105833849464 0.00105833849464 -0.00104938553163 -0.000524692765814 -4.69242718237e-11 4.84665531611e-11
0.000862839395485 0.000862839395485 -0.00085302444324 -0.00042651222162 -3.82283166847e-11 3.94260777777e-11
0.00065107445352 0.00065107445352 -0.000640559969464 -0.000320279984732 -2.87755979671e-11 2.967843036e-11
0.000426566176548 0.000426566176548 -0.00041552786404 -0.00020776393202 -1.87140617414e-11 1.93950755897e-11
0.000193082462327 0.000193082462327 -0.000181706336227 -9.08531681135e-05 -8.20512895312e-12 8.75587357543e-12
-4.54266135525e-05 -4.54266135525e-05 5.69473608129e-05 2.84736804065e-05 2.5784643491e-12 -2.05444696443e-12
-0.000284895616339 -0.000284895616339 0.000296363895419 0.000148181947709 1.34551895684e-11 -1.28497476907e-11
-0.000521213047226 -0.000521213047226 0.000532431243546 0.000266215621773 2.42376009241e-11 -2.34457909462e-11
-0.000750291933757 -0.000750291933757 0.000761065312506 0.000380532656253 3.47355361604e-11 -3.36633365228e-11
-0.000968140503593 -0.000968140503593 0.000978280589404 0.000489140294702 4.47595959037e-11 -4.33309773388e-11
-0.00117093171963 -0.00117093171963 0.00118025959228 0.000590129796141 5.41248351531e-11 -5.22876837946e-11
-0.00135507046563 -0.00135507046563 0.00136341991415 0.000681709957076 6.2654581352e-11 -6.03850427779e-11
-0.00151725720353 -0.00151725720353 0.00152447768321 0.000762238841607 7.01842767127e-11 -6.74891914437e-11
-0.00165454697674 -0.00165454697674 0.00166050631644 0.000830253158218 7.6565229455e-11 -7.34824572941e-11
-0.00176440270604 -0.00176440270604 0.00176898951728 0.000884494758638 8.16681507273e-11 -7.82647242884e-11
-0.0018447418167 -0.0018447418167 0.00184786756076 0.000923933780381 8.53863523005e-11 -8.17545495323e-11
-0.00189397534372 -0.00189397534372 0.00189557601866 0.000947788009332 8.76384853374e-11 -8.38900565499e-11
-0.00191103878686 -0.00191103878686 0.0019110762026 0.000955538101301 8.83707128265e-11 -8.46296294649e-11
-0.00189541412474 -0.00189541412474 0.0018938767413 0.000946938370652 8.75582272237e-11 -8.39524279921e-11
-0.00184714254621 -0.00184714254621 0.0018440458577 0.00092202292885 8.52060495206e-11 -8.18587364867e-11
-0.00176682761516 -0.00176682761516 0.00176221406962 0.000881107034809 8.1349074876e-11 -7.83701520161e-11
-0.00165562874824 -0.00165562874824 0.00164956720163 0.000824783600814 7.60513612491e-11 -7.35296072098e-11
-0.00151524505206 -0.00151524505206 0.00150782976266 0.000753914881328 6.94046890721e-11 -6.74012142268e-11
-0.00134788973354 -0.00134788973354 0.00133923891096 0.00066961945548 6.15264497662e-11 -6.00699073304e-11
-0.00115625546171 -0.00115625546171 0.00114650939258 0.000573254696291 5.2556946878e-11 -5.16408540532e-11
-0.000943471218177 -0.000943471218177 0.000932789998122 0.000466394999061 4.26562141661e-11 -4.22385995239e-11
-0.000713051324819 -0.000713051324819 0.000701612233147 0.000350806116573 3.20004689433e-11 -3.20059059288e-11
-0.000468837476737 -0.000468837476737 0.000456832036899 0.00022841601845 2.07783258067e-11 -2.1102249898e-11
-0.000214934735381 -0.000214934735381 0.000202565509859 0.00010128275493 9.18689554507e-12 -9.70194532158e-12
4.43574525316e-05 4.43574525316e-05 -5.68802792978e-05 -2.84401396489e-05 -2.57211293337e-12 2.00813202317e-12
0.00030461805153 0.00030461805153 -0.000317080244537 -0.000158540122269 -1.4296182368e-11 1.38312286035e-11
0.000561379816918 0.000561379816918 -0.000573566755641 -0.00028678337782 -2.57855801388e-11 2.55637996662e-11
0.000810205972096 0.000810205972096 -0.000821906346466 -0.000410953173233 -3.68466855663e-11 3.69989716669e-11
0.00104676686756 0.00104676686756 -0.00105777634126 -0.000528888170628 -4.72950032989e-11 4.79303317037e-11
0.00126691529722 0.00126691529722 -0.00127704007474 -0.00063852003737 -5.69578349243e-11 5.81559717832e-11
0.00146675916217 0.00146675916217 -0.00147581939748 -0.000737909698739 -6.56765996534e-11 6.74826931817e-11
0.00164273020949 0.00164273020949 -0.00165056319631 -0.000825281598156 -7.33088109422e-11 7.57302560657e-11
0.00179164763331 0.00179164763331 -0.00179811072052 -0.00089905536026 -7.97297285003e-11 8.27355437142e-11
0.00191077540616 0.00191077540616 -0.00191574858622 -0.00095787429311 -8.48337138434e-11 8.83565007825e-11
0.00199787231014 0.00199787231014 -0.00200126043366 -0.00100063021683 -8.85353222271e-11 9.24757024018e-11
0.00205123375661 0.00205123375661 -0.00205296833244 -0.00102648416622 -9.07701645649e-11 9.50034163802e-11
0.00206972461956 0.00206972461956 -0.00206976516673 -0.00103488258337 -9.1495570097e-11 9.58800345971e-11
0.0020528024581 0.0020528024581 -0.00205113738327 -0.00102556869163 -9.06910746283e-11 9.50777714323e-11
0.00200053066575 0.00200053066575 -0.00199717764804 -0.000998588824021 -8.83587507128e-11 9.26015556099e-11
0.00191358125522 0.00191358125522 -0.00190858712873 -0.000954293564366 -8.4523385945e-11 8.84890754233e-11
0.00179322716501 0.00179322716501 -0.00178666729774 -0.000893333648872 -7.92325043055e-11 8.2809973705e-11
0.00164132415418 0.00164132415418 -0.00163330133103 -0.000816650665515 -7.25562141337e-11 7.56642256328e-11
0.00146028253241 0.00146028253241 -0.00145092535824 -0.000725462679119 -6.45868556394e-11 6.71797669611e-11
0.00125302914919 0.00125302914919 -0.00124248999672 -0.000621244998358 -5.54384117776e-11 5.75094702096e-11
0.00102296023754 0.00102296023754 -0.00101141277245 -0.000505706386225 -4.52456396773e-11 4.68275897975e-11
0.000773885868849 0.000773885868849 -0.000761522192339 -0.000380761096169 -3.41628764343e-11 3.53258127495e-11
0.000509966925511 0.000509966925511 -0.000496994381135 -0.000248497190567 -2.23624736735e-11 2.32090587631e-11
0.000235645632674 0.000235645632673 -0.000222283330534 -0.000111141665267 -1.00328204092e-11 1.06911721737e-11
-4.44291918198e-05 -4.44291918198e-05 5.79540752704e-05 2.89770376352e-05 2.62407628691e-12 -2.00936061148e-12
-0.000325480911776 -0.000325480911776 0.000338936995873 0.000169468497936 1.53954684204e-11 -1.46735500577e-11
-0.000602686536609 -0.000602686536609 0.000615842194879 0.00030792109744 2.80611981822e-11 -2.70858009157e-11
-0.000871259485569 -0.000871259485569 0.000883886832693 0.000441943416347 4.03974559227e-11 -3.90374934153e-11
-0.001126532232 -0.001126532232 0.0011384110707 0.000569205535349 5.21809119421e-11 -5.03301978825e-11
-0.0013640374008 -0.0013640374008 0.00137495906031 0.000687479530155 6.31931419814e-11 -6.07784961145e-11
-0.00157958591041 -0.00157958591041 0.00158935690963 0.000794678454816 7.32252400149e-11 -7.02124043985e-11
-0.00176934079305 -0.00176934079305 0.00177778626415 0.000888893132076 8.20824885136e-11 -7.84794113003e-11
-0.00192988539357 -0.00192988539357 0.00193685220546 0.00096842610273 8.95889379039e-11 -8.54461574544e-11
-0.00205828473626 -0.00205828473626 0.00206364426233 0.00103182213117 9.55917354385e-11 -9.09997941205e-11
-0.00215213896004 -0.00215213896004 0.00215578944022 0.00107789472011 9.99650407042e-11 -9.50490621029e-11
-0.00220962785263 -0.00220962785263 0.0022114963066 0.0011057481533 1.02613371508e-10 -9.75251329432e-11
-0.00222954566224 -0.00222954566224 0.00222958931815 0.00111479465907 1.03474240181e-10 -9.83822504907e-11
-0.00221132552851 -0.00221132552851 0.00220953273962 0.00110476636981 1.02519965841e-10 -9.75982036148e-11
-0.0021550530496 -0.0021550530496 0.00215144368006 0.00107572184003 9.97585815231e-11 -9.51746506699e-11
-0.00206146868705 -0.00206146868705 0.00205609395702 0.00102804697851 9.52337941242e-11 -9.11373041615e-11
-0.0019319589012 -0.0019319589012 0.00192490069072 0.00096245034536 8.90239972502e-11 -8.55359707775e-11
-0.0017685361036 -0.0017685361036 0.00175990572415 0.000879952862074 8.12403792368e-11 -7.84444284624e-11
-0.00157380770663 -0.00157380770663 0.00156374415835 0.000781872079173 7.20242078864e-11 -6.99601094922e-11
-0.00135093474031 -0.00135093474031 0.00133960248196 0.00066980124098 6.15434071036e-11 -6.02035475293e-11
-0.00110358068902 -0.00110358068902 0.00109116695636 0.000545583478181 4.99885664058e-11 -4.93175383737e-11
-0.000835851373676 -0.000835851373676 0.000822563089788 0.000411281544894 3.75685407842e-11 -3.74659595089e-11
-0.000552226863966 -0.000552226863966 0.000538287192496 0.000269143596248 2.45058049362e-11 -2.48321934051e-11
-0.000257486548731 -0.000257486548731 0.000243131147401 0.000121565573701 1.10317226928e-11 -1.16171045534e-11
4.33713830594e-05 4.33713830594e-05 -5.78983457889e-05 -2.89491728944e-05 -2.61811951666e-12 1.96346919327e-12
0.000345214694494 0.000345214694494 -0.000359664692296 -0.000179832346148 -1.62083855103e-11 1.5681734119e-11
0.000642864649097 0.000642864649097 -0.000656989049552 -0.000328494524776 -2.95081632502e-11 2.93014684705e-11
0.000931184861974 0.000931184861974 -0.000944739204505 -0.000472369602253 -4.22947619466e-11 4.2582035845e-11
0.00120516992931 0.00120516992931 -0.00121791815568 -0.00060895907784 -5.43570827703e-11 5.52828298047e-11
0.00146003230701 0.00146003230701 -0.00147175087118 -0.000735875435588 -6.54985406525e-11 6.71680642593e-11
0.00169128593085 0.00169128593085 -0.00170176771665 -0.000850883858324 -7.55395388939e-11 7.80117936365e-11
0.0018948251182 0.0018948251182 -0.00190388309622 -0.000951941548111 -8.43195184392e-11 8.76030193781e-11
0.00206699736461 0.00206699736461 -0.0020744679238 -0.0010372339619 -9.16986188582e-11 9.57507173381e-11
0.00220466874613 0.00220466874613 -0.00221041464082 -0.00110520732041 -9.75589979079e-11 1.02288606548e-10
0.00230528075853 0.00230528075853 -0.00230919361795 -0.00115459680897 -1.01805860978e-10 1.07079475448e-10
0.00236689756586 0.00236689756586 -0.00236889992051 -0.00118444996025 -1.04368251045e-10 1.10018888291e-10
0.00238824279057 0.00238824279057 -0.00238828957769 -0.00119414478885 -1.0519964446e-10 1.11038112368e-10
0.00236872515282 0.00236872515282 -0.00236680467229 -0.00118340233615 -1.04278388756e-10 1.10106135411e-10
0.00230845245539 0.00230845245539 -0.00230458675641 -0.0011522933782 -1.01608006379e-10 1.07230680361e-10
0.00220823360866 0.00220823360866 -0.00220247829744 -0.00110123914872 -9.72173739116e-11 1.02458169265e-10
0.00206956859481 0.00206956859481 -0.00206201206344 -0.00103100603172 -9.11607707801e-11 9.58726362133e-11
0.00189462647787 0.00189462647787 -0.00188538856443 -0.000942694282214 -8.35177757472e-11 8.75936374503e-11
0.00168621177295 0.00168621177295 -0.00167544187284 -0.000837720936418 -7.43929747274e-11 7.7773251674e-11
0.00144771969055 0.00144771969055 -0.00143559434861 -0.000717797174305 -6.39154306605e-11 6.65923017529e-11
0.00118308096645 0.00118308096645 -0.00116980098851 -0.000584900494257 -5.22378564847e-11 5.42559582239e-11
0.000896697171078 0.000896697171078 -0.000882484302115 -0.000441242151057 -3.95354266657e-11 4.09889032075e-11
0.000593367561422 0.000593367561422 -0.000578460785178 -0.000289230392589 -2.60041622384e-11 2.70302401307e-11
0.000278208690015 0.000278208690015 -0.000262860211838 -0.000131430105919 -1.18588296738e-11 1.26283301539e-11
-4.34318830459e-05 -4.34318830459e-05 5.89609026845e-05 2.94804513422e-05 2.66969438159e-12 -1.96427834734e-12
-0.000366066320125 -0.000366066320125 0.000381510209236 0.000190755104618 1.73376221877e-11 -1.64956836098e-11
-0.000684160138857 -0.000684160138857 0.000699253259075 0.000349626629538 3.18920230495e-11 -3.07191124941e-11
-0.000992227150199 -0.000992227150199 0.0010067084657 0.000503354232848 4.60751359453e-11 -4.43969672946e-11
-0.00128492407317 -0.00128492407317 0.00129854166476 0.000649270832381 5.96291683978e-11 -5.73043864003e-11
-0.00155714319469 -0.00155714319469 0.00156965864106 0.00078482932053 7.23014877806e-11 -6.92322987064e-11
-0.00180410146787 -0.00180410146787 0.00181529401779 0.000907647008894 8.38500763295e-11 -7.99899790538e-11
-0.00202142449521 -0.00202142449521 0.00203109495772 0.00101554747886 9.40490896324e-11 -8.94071344694e-11
-0.00220522392299 -0.00220522392299 0.00221319820707 0.00110659910353 1.02694333218e-10 -9.73355677202e-11
-0.00235216687901 -0.00235216687901 0.00235829911992 0.00117914955996 1.0960845574e-10 -1.03650475261e-10
-0.00245953621586 -0.00245953621586 0.00246371143217 0.00123185571609 1.14645652369e-10 -1.08251441089e-10
-0.00252528047397 -0.00252528047397 0.00252741670698 0.00126370835349 1.17695679756e-10 -1.11063186668e-10
-0.00254805265 -0.00254805265 0.00254810254608 0.00127405127304 1.18687004744e-10 -1.12036130619e-10
-0.00252723704464 -0.00252723704464 0.00252518885028 0.00126259442514 1.17588942117e-10 -1.11146801069e-10
-0.0024629636653 -0.0024629636653 0.00245884161472 0.00122942080736 1.14412680174e-10 -1.0839812935e-10
-0.0023561098712 -0.0023561098712 0.00234997395667 0.00117498697833 1.09211143955e-10 -1.03819637204e-10
-0.00220828916637 -0.00220828916637 0.00220023429202 0.00110011714601 1.02077700785e-10 -9.74675117774e-11
-0.0020218272673 -0.0020218272673 0.0020119817978 0.0010059908989 9.31437673988e-11 -8.942454465e-11
-0.00179972579183 -0.00179972579183 0.00178824951784 0.000894124758922 8.25754282434e-11 -7.9799894038e-11
-0.00154561413098 -0.00154561413098 0.0015326956834 0.000766347841701 7.05692169038e-11 -6.87286143802e-11
-0.00126369027189 -0.00126369027189 0.00124954402662 0.00062477201331 5.73472441914e-11 -5.63708858865e-11
-0.000958651534505 -0.000958651534505 0.0009435140584 0.0004717570292 4.31518753881e-11 -4.29108695335e-11
-0.000635616363122 -0.000635616363122 0.000619742460018 0.000309871230009 2.824016482e-11 -2.85551114864e-11
-0.000300038473962 -0.000300038473962 0.000283696896822 0.000141848448411 1.28782488482e-11 -1.35304259564e-11
4.23852017536e-05 4.23852017536e-05 -5.89163004485e-05 -2.94581502243e-05 -2.66411998677e-12 1.91880229455e-12
0.00038581122567 0.00038581122567 -0.000402249028269 -0.000201124514135 -1.81187422172e-11 1.75339349577e-11
0.000724349369534 0.000724349369534 -0.000740411231725 -0.000370205615862 -3.32237220785e-11 3.30460290633e-11
0.00105216364016 0.00105216364016 -0.00106757195085 -0.000533785975426 -4.7727714077e-11 4.81803970668e-11
0.00136357287941 0.00136357287941 -0.00137805985846 -0.000689029929229 -6.13936168939e-11 6.26617197011e-11
0.00165314920519 0.00165314920519 -0.00166646155601 -0.000833230778007 -7.40017005649e-11 7.62196129391e-11
0.00191581258797 0.00191581258797 -0.00192771592426 -0.000963857962132 -8.53521830713e-11 8.85945105294e-11
0.00214691991539 0.00214691991539 -0.00215720288463 -0.00107860144231 -9.52672968387e-11 9.95436872332e-11
0.00234234698445 0.00234234698445 -0.00235082501562 -0.00117541250781 -1.03592903302e-10 1.08847218459e-10
0.00249856197468 0.00249856197468 -0.002505080584 -0.001252540292 -1.10199724313e-10 1.1631365259e-10
0.00261268909554 0.00261268909554 -0.00261712669087 -0.00130856334544 -1.1498426291e-10 1.21785165568e-10
0.00268256126378 0.00268256126378 -0.00268483139725 -0.00134241569862 -1.17869483284e-10 1.25141974911e-10
0.00270676085031 0.00270676085031 -0.00270681387737 -0.00135340693869 -1.18805311563e-10 1.26305812875e-10
0.0026846477363 0.0026846477363 -0.00268247185009 -0.00134123592504 -1.17769006039e-10 1.25242295159e-10
0.00261637413384 0.00261637413384 -0.00261199575359 -0.00130599787679 -1.14765428997e-10 1.21962070218e-10
0.00250288585096 0.00250288585096 -0.002496369355 -0.0012481846775 -1.09827233243e-10 1.16520691639e-10
0.00234590991353 0.00234590991353 -0.00233735671805 -0.00116867835902 -1.03014956087e-10 1.09017217914e-10
0.00214792869052 0.00214792869052 -0.00213747568678 -0.00106873784339 -9.44169930988e-11 9.95916055958e-11
0.00191214090249 0.00191214090249 -0.00189995827644 -0.000949979138218 -8.41494045368e-11 8.84210185924e-11
0.00164241012096 0.00164241012096 -0.00162869858956 -0.000814349294778 -7.23554904372e-11 7.57152240512e-11
0.00134320158446 0.00134320158446 -0.00132818909368 -0.000664094546838 -5.92050570466e-11 6.17112805906e-11
0.00101950836245 0.00101950836245 -0.00100344630103 -0.000501723150517 -4.48932890395e-11 4.66677455149e-11
0.00067676808652 0.00067676808652 -0.000659927078411 -0.000329963539206 -2.96391399351e-11 3.08586333708e-11
0.000320771636589 0.000320771636589 -0.000303436982377 -0.000151718491188 -1.36831584005e-11 1.45673493995e-11
-4.24346849924e-05 -4.24346849924e-05 5.99678408168e-05 2.99839204084e-05 2.71531853209e-12 -1.91920007113e-12
-0.000406651839148 -0.000406651839148 0.000424083533271 0.000212041766636 1.92816525849e-11 -1.83161497689e-11
-0.000765633851734 -0.000765633851734 0.000782664433897 0.000391332216949 3.57300890949e-11 -3.4345737899e-11
-0.00111319492541 -0.00111319492541 0.00112953020928 0.000564765104639 5.17686200084e-11 -4.97417981647e-11
-0.00144331602489 -0.00144331602489 0.00145867236936 0.000729336184679 6.71044629826e-11 -6.4253632301e-11
-0.00175024909907 -0.00175024909907 0.0017643583323 0.000882179166148 8.14500492516e-11 -7.76492527696e-11
-0.00202861713577 -0.00202861713577 0.00204123123638 0.00102061561819 9.45293678934e-11 -8.97180188511e-11
-0.00227350830776 -0.00227350830776 0.00228440376168 0.00114220188084 1.06084473086e-10 -1.0027271622e-10
-0.00248056256276 -0.00248056256276 0.00248954431902 0.00124477215951 1.15881927677e-10 -1.09151149277e-10
-0.00264604913206 -0.00264604913206 0.00265295408781 0.0013264770439 1.23718934549e-10 -1.16217326784e-10
-0.00276693358195 -0.00276693358195 0.00277163353438 0.00138581676719 1.29428899797e-10 -1.21362324867e-10
-0.00284093320554 -0.00284093320554 0.00284333721757 0.00142166860879 1.32886180602e-10 -1.24504907975e-10
-0.00286655974794 -0.00286655974794 0.00286661588418 0.00143330794209 1.34009796514e-10 -1.25591978659e-10
-0.00284314867088 -0.00284314867088 0.00284084507105 0.00142042253553 1.32765924606e-10 -1.2459891228e-10
-0.00277087439107 -0.00277087439107 0.00276623965945 0.00138311982972 1.29169054269e-10 -1.21529814063e-10
-0.00265075116537 -0.00265075116537 0.00264385406635 0.00132192703317 1.23281742274e-10 -1.16417714516e-10
-0.00248461954152 -0.00248461954152 0.0024755680033 0.00123778400165 1.15212978381e-10 -1.09324696372e-10
-0.00227511854094 -0.00227511854094 0.00226405798138 0.00113202899069 1.05115240703e-10 -1.00341923192e-10
-0.00202564398693 -0.00202564398693 0.00201275498723 0.00100637749362 9.31803830278e-11 -8.95895178628e-11
-0.00174029363149 -0.00174029363149 0.00172578899469 0.000862894497345 7.96345484996e-11 -7.72162198288e-11
-0.00142379996455 -0.00142379996455 0.00140792120668 0.000703960603339 6.47323419553e-11 -6.33987344637e-11
-0.00108145180509 -0.00108145180509 0.00106446513677 0.000532232568383 4.87505145034e-11 -4.83406778918e-11
-0.000719005971987 -0.000719005971987 0.000701197837248 0.000350598918624 3.19814180674e-11 -3.22710172663e-11
-0.000342590508857 -0.000342590508857 0.000324262755905 0.000162131377953 1.47264754797e-11 -1.54419111897e-11
4.13989108287e-05 4.13989108287e-05 -5.99341454913e-05 -2.99670727456e-05 -2.71011444416e-12 1.87413142763e-12
0.000426407647273 0.000426407647273 -0.000444833254672 -0.000222416627336 -2.00272543757e-11 1.93878327692e-11
0.000805833980444 0.000805833980444 -0.000823833304372 -0.000411916652186 -3.69322699858e-11 3.67974942447e-11
0.00117314230886 0.00117314230886 -0.00119040458772 -0.00059520229386 -5.31455840548e-11 5.37940973334e-11
0.00152197572006 0.00152197572006 -0.0015382014518 -0.000769100725901 -6.8404698188e-11 7.00670962109e-11
0.00184626599398 0.00184626599398 -0.00186117213146 -0.000930586065731 -8.24674798341e-11 8.53107906488e-11
0.00214033913574 0.00214033913574 -0.00215366402254 -0.00107683201127 -9.511478878e-11 9.92311169649e-11
0.00239901460328 0.00239901460328 -0.00241052256373 -0.00120526128187 -1.06152505919e-10 1.11552648076e-10
0.00261769649503 0.00261769649503 -0.00262718199819 -0.0013135909991 -1.15413046997e-10 1.22025555337e-10
0.00279245509403 0.00279245509403 -0.00279974641798 -0.00139987320899 -1.22756455059e-10 1.30432258978e-10
0.00292009732339 0.00292009732339 -0.00292505965464 -0.00146252982732 -1.28071167849e-10 1.36593484092e-10
0.00299822485259 0.00299822485259 -0.00300076276487 -0.00150038138244 -1.31274551267e-10 1.40373447574e-10
0.00302527880097 0.00302527880097 -0.00302533806799 -0.00151266903399 -1.32313278182e-10 1.41683928973e-10
0.00300057021076 0.00300057021076 -0.00299813891886 -0.00149906945943 -1.31163614766e-10 1.40487023944e-10
0.00292429570331 0.00292429570331 -0.00291940464179 -0.0014597023209 -1.27831655207e-10 1.36796440138e-10
0.00279753798432 0.00279753798432 -0.00279026030364 -0.00139513015182 -1.2235352162e-10 1.30677267487e-10
0.00262225112336 0.00262225112336 -0.00261270126376 -0.00130635063188 -1.14795520435e-10 1.22244232616e-10
0.00240123079432 0.00240123079432 -0.0023895627003 -0.00119478135015 -1.05254220895e-10 1.11658524126e-10
0.00213806992324 0.00213806992324 -0.00212447457124 -0.00106223728562 -9.38563969708e-11 9.9123345942e-11
0.00183710044262 0.00183710044262 -0.00182180272175 -0.000910901360874 -8.07587523628e-11 8.48784141421e-11
0.00150332209376 0.00150332209376 -0.00148657709013 -0.000743288545065 -6.61473309778e-11 6.91936547846e-11
0.00114231944516 0.00114231944516 -0.00112440819129 -0.000562204095645 -5.02365038208e-11 5.23623835731e-11
0.000760168503 0.000760168503 -0.000741393263028 -0.000370696631514 -3.32674192372e-11 3.46942521862e-11
0.000363334474591 0.000363334474591 -0.000344013644344 -0.000172006822172 -1.55058082389e-11 1.6508231794e-11
-4.14375954674e-05 -4.14375954674e-05 6.09748874754e-05 3.04874437377e-05 2.76094863945e-12 -1.87412568409e-12
-0.000447237466656 -0.000447237466656 0.000466656965788 0.000233328482894 2.12275613298e-11 -2.0134949958e-11
-0.00084710767305 -0.00084710767305 0.000866075717155 0.000433037858578 3.95754099146e-11 -3.79656893284e-11
-0.00123416280902 -0.00123416280902 0.00125235206125 0.000626176030625 5.74779520155e-11 -5.50720259231e-11
-0.00160170808495 -0.00160170808495 0.0016188031823 0.00080940159115 7.46068937646e-11 -7.11780246772e-11
-0.00194335511176 -0.00194335511176 0.00195905813183 0.000979529065917 9.06390038762e-11 -8.60295188041e-11
-0.00225313291193 -0.00225313291193 0.00226716856324 0.00113358428162 1.05263393727e-10 -9.93967746241e-11
-0.00252559222852 -0.00252559222852 0.00253771267385 0.00126885633693 1.18189034151e-10 -1.11076509803e-10
-0.0027559013107 -0.0027559013107 0.00276589053914 0.00138294526957 1.29152236775e-10 -1.20893360451e-10
-0.00293993149324 -0.00293993149324 0.00294760916382 0.00147380458191 1.37923798952e-10 -1.2870090406e-10
-0.00307433105611 -0.00307433105611 0.00307955574466 0.00153977787233 1.44315500471e-10 -1.34382347392e-10
-0.00315658604513 -0.00315658604513 0.00315925783619 0.0015796289181 1.48185650097e-10 -1.37850982212e-10
