0.0 0.0
-3.53650399521e-06 6.45347497687e-11
-7.02376084495e-06 1.39476187509e-10
-1.0414799017e-05 2.0317952089e-10
-1.36642675948e-05 2.71813037182e-10
-1.67291583962e-05 3.30428457638e-10
-1.95695507466e-05 3.89842083817e-10
-2.2149251886e-05 4.39743509483e-10
-2.44364163635e-05 4.8739536488e-10
-2.6404056088e-05 5.25733700585e-10
-2.80304964756e-05 5.59696980604e-10
-2.92997180154e-05 5.84524024846e-10
-3.02016210733e-05 6.0366531116e-10
-3.07321734393e-05 6.14016944576e-10
-3.08934678091e-05 6.18103679326e-10
-3.06936637546e-05 6.14030139048e-10
-3.01468354036e-05 6.03765387746e-10
-2.9272710797e-05 5.86302134854e-10
-2.80963211555e-05 5.63287986116e-10
-2.66475547406e-05 5.34366147846e-10
-2.49606323232e-05 5.01000782639e-10
-2.30735055398e-05 4.63301238392e-10
-2.10271948204e-05 4.22618419271e-10
-1.88650729854e-05 3.79378098839e-10
-1.66321111211e-05 3.34841206866e-10
-1.43740960875e-05 2.89623873502e-10
-1.21368360083e-05 2.4488934532e-10
-9.96536492791e-06 2.01335860191e-10
-7.90316226532e-06 1.60002708693e-10
-5.99139878191e-06 1.21577377287e-10
-4.26822334414e-06 8.69402537613e-11
-2.76810157436e-06 5.66902609454e-11
-1.52121864567e-06 3.15131559995e-11
-5.52955686203e-07 1.18572981439e-11
1.16550606639e-07 -1.81650979719e-12
4.72758117633e-07 -9.25552093466e-12
5.06972802054e-07 -1.02441877604e-11
2.16501520171e-07 -4.75250227223e-12
-3.95298695146e-07 7.18266956409e-12
-1.319075545e-06 2.53598133054e-11
-2.53963980811e-06 4.94973035875e-11
-4.03622425106e-06 7.91712901936e-11
-5.78283881195e-06 1.13878136807e-10
-7.7487158683e-06 1.52997527218e-10
-9.89883806264e-06 1.95840653153e-10
-1.21945395755e-05 2.41631072098e-10
-1.45941706178e-05 2.89543594012e-10
-1.70538137169e-05 3.38697403572e-10
-1.95280395769e-05 3.8818859705e-10
-2.19706895391e-05 4.37091416871e-10
-2.43356712742e-05 4.84486031743e-10
-2.6577754061e-05 5.29464655426e-10
-2.86533500502e-05 5.71155268889e-10
-3.0521268122e-05 6.08730067032e-10
-3.21434274372e-05 6.41425269205e-10
-3.3485518448e-05 6.68549862397e-10
-3.45176000553e-05 6.89501348976e-10
-3.52146226691e-05 7.03773199604e-10
-3.5556868214e-05 7.10966280148e-10
-3.55302995271e-05 7.10793831742e-10
-3.51268131574e-05 7.0308835214e-10
-3.4344391215e-05 6.87803303972e-10
-3.31871496592e-05 6.65015357894e-10
-3.16652821713e-05 6.34922399346e-10
-2.97949005551e-05 5.97841236003e-10
-2.75977743692e-05 5.54201825085e-10
-2.51009742271e-05 5.04540774422e-10
-2.23364248396e-05 4.49492037598e-10
-1.93403754233e-05 3.89776768525e-10
-1.61527965139e-05 3.26191018439e-10
-1.28167134738e-05 2.59592714296e-10
-9.37748807495e-06 1.90887127139e-10
-5.88206042017e-06 1.21011914681e-10
-2.37816414601e-06 5.09213037689e-11
1.08647169239e-06 -1.84297483089e-11
4.46492042781e-06 -8.61016124635e-11
7.71184165683e-06 -1.51185605185e-10
1.07842378023e-05 -2.12819217256e-10
1.36421704471e-05 -2.70200430519e-10
1.62494242119e-05 -3.22601095506e-10
1.85741068488e-05 -3.69378962518e-10
2.05891753123e-05 -4.09988308626e-10
2.22728788368e-05 -4.43988857529e-10
2.36091114701e-05 -4.71052940753e-10
2.45876680616e-05 -4.9097069537e-10
2.52043993534e-05 -5.03653278277e-10
2.54612635535e-05 -5.09133986241e-10
2.53662735372e-05 -5.07567309694e-10
2.49333406079e-05 -4.99225898624e-10
2.41820175256e-05 -4.84495524809e-10
2.31371452224e-05 -4.63868100989e-10
2.18284092841e-05 -4.37932898575e-10
2.02898138115e-05 -4.07366096952e-10
1.85590816947e-05 -3.72918858429e-10
1.66769915871e-05 -3.35404121311e-10
1.46866629522e-05 -2.95682347592e-10
1.26328014422e-05 -2.54646461454e-10
1.05609175467e-05 -2.13206243557e-10
8.51653190536e-06 -1.72272443068e-10
6.54438090618e-06 -1.32740884364e-10
4.68763618743e-06 -9.54768370561e-11
2.98715141889e-06 -6.12999203297e-11
1.48074927415e-06 -3.09697977863e-11
2.02560814731e-07 -5.17291009852e-12
-8.17571389254e-07 1.54895288457e-11
-1.55461616972e-06 3.05120650793e-11
-1.98879373612e-06 3.94938875577e-11
-2.1059251699e-06 4.21459076926e-11
-1.89768544076e-06 3.82959147532e-11
-1.36175559956e-06 2.78917179324e-11
-5.01871528892e-07 1.10022215701e-11
6.72231597099e-07 -1.21835856058e-11
2.14497820597e-06 -4.13597098042e-11
3.89521186659e-06 -7.61082479252e-11
5.89655104505e-06 -1.15906412514e-10
8.11783499932e-06 -1.60135366116e-10
1.05236521918e-05 -2.08090713881e-10
1.30749421859e-05 -2.5899447516e-10
1.57296607342e-05 -3.12008329288e-10
1.84434966828e-05 -3.66247909081e-10
2.11706284305e-05 -4.20797897512e-10
2.38645070008e-05 -4.74727669349e-10
2.6478652331e-05 -5.27107210125e-10
2.89674491517e-05 -5.77023040072e-10
3.12869288421e-05 -6.23593870573e-10
3.3395523876e-05 -6.65985725139e-10
3.52547819514e-05 -7.03426266197e-10
3.68300275764e-05 -7.35218082403e-10
3.80909597885e-05 -7.60750709054e-10
3.90121757713e-05 -7.79511175782e-10
3.95736114043e-05 -7.91092900906e-10
3.97608911947e-05 -7.95202780055e-10
3.95655815971e-05 -7.91666347585e-10
3.89853433739e-05 -7.80430922272e-10
3.80239803768e-05 -7.61566683153e-10
3.66913839026e-05 -7.35265656916e-10
3.5003373558e-05 -7.0183863379e-10
3.29814373445e-05 -6.61710064457e-10
3.06523753916e-05 -6.15411024968e-10
2.80478534152e-05 -5.63570369623e-10
2.52038735286e-05 -5.06904222919e-10
2.2160171433e-05 -4.46203989863e-10
1.895955029e-05 -3.82323089497e-10
1.5647162646e-05 -3.16162638134e-10
1.22697526758e-05 -2.48656326838e-10
8.87487168845e-06 -1.80754751486e-10
5.51008029247e-06 -1.13409462986e-10
2.22215084958e-06 -4.75570101498e-11
-9.4371616356e-07 1.58967523201e-11
-3.94464850192e-06 7.60918226974e-11
-6.74081829256e-06 1.32228419135e-10
-9.29610574222e-06 1.83580309299e-10
-1.15786990832e-05 2.29506875224e-10
-1.35616205203e-05 2.69463707503e-10
-1.5223169208e-05 3.03011548106e-10
-1.65472737071e-05 3.29823429403e-10
-1.75237479185e-05 3.49689887804e-10
-1.81484461468e-05 3.62522163397e-10
-1.84233146666e-05 3.68353331455e-10
-1.83563389424e-05 3.67337347009e-10
-1.79613874329e-05 3.59746019467e-10
-1.72579546838e-05 3.45963969639e-10
-1.62708081344e-05 3.26481656043e-10
-1.50295447118e-05 3.01886590449e-10
-1.35680648294e-05 2.72852893543e-10
-1.19239728205e-05 2.40129370037e-10
-1.01379140958e-05 2.04526307861e-10
-8.25286039508e-06 1.66901227901e-10
-6.31335539385e-06 1.28143828713e-10
-4.36473360176e-06 8.91603843929e-11
-2.45232594642e-06 5.08578631609e-11
-6.20665664638e-07 1.41280389466e-11
1.08729188283e-06 -2.01681315695e-11
2.63092209632e-06 -5.12155986047e-11
3.9726438119e-06 -7.82595168621e-11
5.07857954471e-06 -1.00618505881e-10
5.91915197743e-06 -1.17696645733e-10
6.4696064618e-06 -1.28994002289e-10
6.71045056787e-06 -1.34115501467e-10
6.62780313522e-06 -1.32778000116e-10
6.2136468302e-06 -1.24815432082e-10
5.46597986444e-06 -1.1018194094e-10
4.38886425621e-06 -8.89529453228e-11
2.99236978752e-06 -6.13241182203e-11
1.29241459483e-06 -2.76082972613e-11
-6.89494898675e-07 1.17696215283e-11
-2.92662027876e-06 5.62797195153e-11
-5.38743758497e-06 1.05295900768e-10
-8.03616628341e-06 1.58106395883e-10
-1.08333717321e-05 2.13925744929e-10
-1.37366308462e-05 2.71908054771e-10
-1.67012495866e-05 3.31161304233e-10
-1.96810200094e-05 3.90762452579e-10
-2.26290039334e-05 4.49773093045e-10
-2.54983298297e-05 5.07255383815e-10
-2.82429893049e-05 5.62287984014e-10
-3.0818619562e-05 6.13981722271e-10
-3.31832584543e-05 6.61494729861e-10
-3.52980592245e-05 7.04046779658e-10
-3.71279526971e-05 7.409325856e-10
-3.8642245606e-05 7.71533835259e-10
-3.98151448163e-05 7.95329749638e-10
-4.06261984744e-05 8.11905989547e-10
-4.10606465394e-05 8.20961756216e-10
-4.11096746948e-05 8.22314964569e-10
-4.07705672959e-05 8.15905400665e-10
-4.00467567326e-05 8.01795809181e-10
-3.89477683564e-05 7.80170892238e-10
-3.74890619119e-05 7.51334236628e-10
-3.56917721738e-05 7.15703221811e-10
-3.35823532267e-05 6.73801995745e-10
-3.11921324564e-05 6.2625263846e-10
-2.85567818823e-05 5.73764664436e-10
-2.57157158577e-05 5.17123043132e-10
-2.2711425437e-05 4.57174942409e-10
-1.95887607813e-05 3.94815421416e-10
-1.63941738695e-05 3.30972317406e-10
-1.31749344531e-05 2.66590584814e-10
-9.97833265643e-06 2.02616354171e-10
-6.85088184729e-06 1.3998098333e-10
-3.83753539808e-06 7.95853734465e-11
-9.8093072011e-07 2.22848177512e-11
1.67932651461e-06 -3.11253581038e-11
4.10732573841e-06 -7.99231188089e-11
6.27145111132e-06 -1.23471777786e-10
8.14490716578e-06 -1.61230585314e-10
9.70616150265e-06 -1.92763665709e-10
1.09392969881e-05 -2.17747151132e-10
1.183426745e-05 -2.35974390438e-10
1.23870525247e-05 -2.47359144489e-10
1.25997090311e-05 -2.5193671376e-10
1.24803180195e-05 -2.49862979479e-10
1.20428284288e-05 -2.41411375276e-10
1.13068000552e-05 -2.26967841696e-10
1.02970502578e-05 -2.0702385047e-10
9.04321047621e-06 -1.8216761849e-10
7.57920017597e-06 -1.53073662389e-10
5.94262725248e-06 -1.20490873033e-10
4.17412518281e-06 -8.52293145878e-11
2.31663829624e-06 -4.81459745951e-11
4.14667423082e-07 -1.01297095153e-11
-1.48651114109e-06 2.79143561015e-11
-3.34163996173e-06 6.5080709264e-11
-5.10627446062e-06 1.00479334698e-10
-6.73756296468e-06 1.33251335101e-10
-8.1949994309e-06 1.62584017605e-10
-9.44113593829e-06 1.87725187736e-10
-1.04422427257e-05 2.07996405672e-10
-1.11689044527e-05 2.22804977408e-10
-1.15965424511e-05 2.31654475049e-10
-1.17058540028e-05 2.34153605651e-10
-1.14831610988e-05 2.30023276281e-10
-1.09206626831e-05 2.1910173384e-10
-1.00165860375e-05 2.01347691146e-10
-8.77523468997e-06 1.76841385222e-10
-7.20693199929e-06 1.45783549171e-10
-5.32786135479e-06 1.08492314654e-10
-3.15980569955e-06 6.53980974882e-11
-7.29790808487e-07 1.70365533514e-11
1.93036159975e-06 -3.59602763797e-11
4.7845632945e-06 -9.28744776219e-11
7.79306247301e-06 -1.52914256004e-10
1.09131099146e-05 -2.1522720397e-10
1.40996769722e-05 -2.78914615981e-10
1.73062131378e-05 -3.43046607317e-10
2.04854302383e-05 -4.06677778164e-10
2.35900998642e-05 -4.68863155375e-10
2.65738504036e-05 -5.28674139469e-10
2.93919500629e-05 -5.85214184394e-10
3.20020624906e-05 -6.37633942038e-10
3.43649620914e-05 -6.85145612715e-10
3.64451968045e-05 -7.2703625631e-10
3.82116870212e-05 -7.62679836661e-10
3.96382504017e-05 -7.9154779324e-10
4.07040436266e-05 -8.13217959555e-10
4.13939135301e-05 -8.27381675794e-10
4.16986516198e-05 -8.3384897424e-10
4.16151476307e-05 -8.32551748856e-10
4.11464394969e-05 -8.23544854916e-10
4.03016588868e-05 -8.07005120017e-10
3.90958732408e-05 -7.83228283401e-10
3.75498270152e-05 -7.52623916096e-10
3.56895865613e-05 -7.15708408737e-10
3.35460947169e-05 -6.73096147128e-10
3.11546427301e-05 -6.2548902647e-10
2.85542685471e-05 -5.73664483631e-10
2.57870917601e-05 -5.18462252203e-10
2.28975965857e-05 -4.60770066838e-10
1.99318751397e-05 -4.0150856137e-10
1.6936843947e-05 -3.41615618991e-10
1.39594470871e-05 -2.82030442095e-10
1.10458595974e-05 -2.23677614175e-10
8.24070475652e-06 -1.67451426265e-10
5.58629862762e-06 -1.14200735902e-10
3.12193477544e-06 -6.47146174074e-11
8.83221382612e-07 -1.97090487641e-11
-1.0985179073e-06 2.01851374307e-11
-2.79676918422e-06 5.44328330615e-11
-4.19027053323e-06 8.26035829795e-11
-5.26336381448e-06 1.04378710444e-10
-6.0062499602e-06 1.19556517981e-10
-6.41514344056e-06 1.28055475051e-10
-6.49232327548e-06 1.299153384e-10
-6.24607974091e-06 1.25296186334e-10
-5.69055770354e-06 1.14475383903e-10
-4.84549928712e-06 9.7842531342e-11
-3.73589029742e-06 7.58924827183e-11
-2.39151647961e-06 4.92165546825e-11
-8.46437225879e-07 1.84920762726e-11
8.61614236237e-07 -1.55295409259e-11
2.69189388544e-06 -5.20360076095e-11
4.60136180644e-06 -9.01684101014e-11
6.54543668876e-06 -1.2903626779e-10
8.47877698636e-06 -1.67733136457e-10
1.03560753446e-05 -2.05352489969e-10
1.21328526727e-05 -2.41003607995e-10
1.37662382455e-05 -2.73827197353e-10
1.52157224578e-05 -3.03010479084e-10
1.64438693221e-05 -3.27801482544e-10
1.74169764877e-05 -3.47522301319e-10
1.81056714592e-05 -3.61581083564e-10
1.84854337825e-05 -3.69482550998e-10
1.85370342324e-05 -3.70836865967e-10
1.82468834587e-05 -3.65366694263e-10
1.76072840927e-05 -3.52912342223e-10
1.66165819729e-05 -3.33434879638e-10
1.527921387e-05 -3.07017194407e-10
1.36056508666e-05 -2.73862960308e-10
1.16122383287e-05 -2.34293534955e-10
9.32093517946e-06 -1.88742840411e-10
6.75895690552e-06 -1.37750313482e-10
3.95832837695e-06 -8.19520457338e-11
9.55354101898e-07 -2.20702642525e-11
-2.20998504678e-06 4.10986674253e-11
-5.49469833871e-06 1.0669752345e-10
-8.85350355029e-06 1.73822538293e-10
-1.22395849205e-05 2.41538533338e-10
-1.56053777566e-05 3.08894589134e-10
-1.89033662883e-05 3.74939995649e-10
-2.20868811458e-05 4.38740208128e-10
-2.51108828388e-05 4.99392535995e-10
-2.79327178548e-05 5.56041296852e-10
-3.0512834463e-05 6.07892176728e-10
-3.28154459946e-05 6.54225551259e-10
-3.48091302771e-05 6.94408540379e-10
-3.64673549784e-05 7.27905590564e-10
-3.77689198987e-05 7.54287404007e-10
-3.86983086544e-05 7.73238062277e-10
-3.9245943756e-05 7.84560222908e-10
-3.94083407336e-05 7.88178300386e-10
-3.91881586837e-05 7.84139577303e-10
-3.85941463894e-05 7.72613227048e-10
-3.76409849486e-05 7.5388726496e-10
-3.63490296127e-05 7.28363480346e-10
-3.47439552671e-05 6.96550436346e-10
-3.28563116254e-05 6.59054657541e-10
-3.07209957593e-05 6.16570156304e-10
-2.83766509949e-05 5.69866477242e-10
-2.58650024689e-05 5.19775464413e-10
-2.32301407142e-05 4.67176977819e-10
-2.05177655434e-05 4.12983803679e-10
-1.77744031623e-05 3.58126016701e-10
-1.50466099178e-05 3.03535061952e-10
-1.2380176299e-05 2.50127828723e-10
-9.81934481336e-06 1.98790988823e-10
-7.40605511713e-06 1.50365867291e-10
-5.17922931291e-06 1.05634104281e-10
-3.17410963872e-06 6.5304353407e-11
-1.42165987519e-06 3.00002439799e-11
5.19592939169e-08 2.49813020916e-13
1.22583199876e-06 -2.35234123217e-11
2.08463842964e-06 -4.10075295303e-11
2.61890961248e-06 -5.20074511314e-11
2.82518136559e-06 -5.64480821678e-11
2.70604481607e-06 -5.43754306252e-11
2.2700926248e-06 -4.59556320665e-11
1.53176185486e-06 -3.14719054666e-11
5.11076187376e-07 -1.13194926357e-11
-7.6670808772e-07 1.40013318449e-11
-2.27154623132e-06 4.38940602239e-11
-3.96913174696e-06 7.76764097848e-11
-5.8214965734e-06 1.14592260322e-10
-7.78767448837e-06 1.5382486623e-10
-9.82441635101e-06 1.9451111672e-10
-1.18869449231e-05 2.35756599724e-10
-1.3929736331e-05 2.76651211288e-10
-1.59073147737e-05 3.16285042898e-10
-1.77750468549e-05 3.53764274416e-10
-1.94899219227e-05 3.88226800202e-10
-2.10113050401e-05 4.18857320524e-10
-2.23016496749e-05 4.4490163953e-10
-2.33271578911e-05 4.65679924608e-10
-2.4058376713e-05 4.80598699682e-10
-2.4470720436e-05 4.8916136672e-10
-2.45449099148e-05 4.90977074831e-10
-2.4267321287e-05 4.85767784662e-10
-2.36302381316e-05 4.73373406573e-10
-2.26320027252e-05 4.53754924161e-10
-2.12770637721e-05 4.26995449071e-10
-1.9575919765e-05 3.93299188402e-10
-1.75449589156e-05 3.52988341862e-10
-1.52061983609e-05 3.0649798108e-10
-1.25869270806e-05 2.54368998127e-10
-9.71925860349e-06 1.97239243294e-10
-6.63960112525e-06 1.35833003137e-10
-3.38805407546e-06 7.09489982294e-11
-7.74142740634e-09 3.44710538923e-12
3.4559068715e-06 -6.57659690507e-11
6.95591308359e-06 -1.35751820373e-10
1.04445365359e-05 -2.05556022706e-10
1.38740717462e-05 -2.742240847e-10
1.71976461933e-05 -3.40817411209e-10
2.03700041095e-05 -4.0442899846e-10
2.33482629121e-05 -4.64198594696e-10
2.609262936e-05 -5.19327067463e-10
2.85670632086e-05 -5.69089732264e-10
3.07398770318e-05 -6.12848415009e-10
3.25842619779e-05 -6.50062042436e-10
3.40787304865e-05 -6.8029557981e-10
3.52074684155e-05 -7.03227163396e-10
3.59605905789e-05 -7.18653306246e-10
3.6334295346e-05 -7.26492088616e-10
3.63309156775e-05 -7.26784278916e-10
3.59588657485e-05 -7.19692366417e-10
3.52324840928e-05 -7.05497522708e-10
3.41717759697e-05 -6.84594544275e-10
3.28020593843e-05 -6.57484863126e-10
3.11535208315e-05 -6.24767745397e-10
2.92606883867e-05 -5.87129828898e-10
2.71618311707e-05 -5.45333178921e-10
2.48982954823e-05 -5.00202066981e-10
2.25137889698e-05 -4.52608699008e-10
2.00536251024e-05 -4.03458137395e-10
1.75639408814e-05 -3.53672675204e-10
1.50909011874e-05 -3.04175930036e-10
1.26799033852e-05 -2.55876929959e-10
1.03747958061e-05 -2.09654463939e-10
8.21712348612e-06 -1.66341964704e-10
6.24541407198e-06 -1.26713182808e-10
4.49451611838e-06 -9.14688971352e-11
2.99500110237e-06 -6.1224889291e-11
1.77263938862e-06 -3.65013877103e-11
8.4795911432e-07 -1.7714162119e-11
2.35895540729e-07 -5.16742073415e-12
-5.44631292969e-08 9.51368284554e-13
-2.00291209992e-08 5.74642562654e-13
3.36234976325e-07 -6.24415567709e-12
1.00537055706e-06 -1.93315664392e-11
1.97258069513e-06 -3.83971674127e-11
3.21748848303e-06 -6.30386456532e-11
4.71449158573e-06 -9.27487985483e-11
6.43320693383e-06 -1.269243441e-10
8.33899793714e-06 -1.64876389576e-10
1.03935751862e-05 -2.05842379179e-10
1.25556603515e-05 -2.48999316058e-10
1.47817019072e-05 -2.93478032169e-10
1.70266304185e-05 -3.3837826152e-10
1.92446404545e-05 -3.82784258593e-10
2.13899857298e-05 -4.25780694371e-10
2.34177738542e-05 -4.66468557643e-10
2.52847470715e-05 -5.03980789117e-10
2.69500356106e-05 -5.37497380476e-10
2.83758707389e-05 -5.66259679629e-10
2.9528245294e-05 -5.89583656903e-10
3.03775103729e-05 -6.06871904848e-10
3.0898897943e-05 -6.17624165781e-10
3.10729604132e-05 -6.21446206537e-10
3.08859196144e-05 -6.18056888052e-10
3.03299191998e-05 -6.07293308348e-10
2.94031761135e-05 -5.89113930371e-10
2.81100285156e-05 -5.63599640666e-10
2.64608793132e-05 -5.30952720253e-10
2.44720362372e-05 -4.91493744695e-10
2.21654511745e-05 -4.45656465953e-10
1.95683631846e-05 -3.9398076292e-10
1.67128512837e-05 -3.37103780768e-10
1.36353046154e-05 -2.75749410075e-10
1.03758190473e-05 -2.10716285194e-10
6.97753048592e-06 -1.42864506615e-10
3.48589628915e-06 -7.31013138962e-11
