0.0 0.0
-3.53650399521e-05 1.61336874422e-05
-0.000140967688354 6.71364217616e-05
-0.000315353286973 0.000152800348861
-0.000556143953091 0.000271548488379
-0.000860078213001 0.000422108862084
-0.00122306530443 0.000602176497448
-0.00164025333076 0.000809572895773
-0.00210611001325 0.00104135761436
-0.00261451473776 0.00129463988073
-0.0031588602634 0.00156599755103
-0.00373216240831 0.00185205280239
-0.0043271757992 0.00214910013639
-0.00493651374432 0.00245352070032
-0.00555277015681 0.0027615508563
-0.00616864147245 0.00306958431089
-0.00677704646403 0.00337403319259
-0.00737124192603 0.00367155007324
-0.00794493224556 0.00395894760348
-0.00849237100452 0.00423336113697
-0.00900845287516 0.0044922028696
-0.00948879425379 0.00473327837485
-0.00992980125739 0.00495475828927
-0.0103287239355 0.0051552574188
-0.0106836957765 0.00533381224522
-0.0109937578486 0.00548992851532
-0.0112588671696 0.00562355682002
-0.0114798891789 0.0057351131214
-0.0116585744509 0.00582544776362
-0.0117975200613 0.00589584278511
-0.0119001162826 0.00594797219288
-0.0119704795318 0.00598387982155
-0.012013372734 0.00600593067579
-0.0120341144773 0.00601677328933
-0.0120384785281 0.00601928348641
-0.0120325854408 0.00601651547873
-0.0120227881316 0.00601164055156
-0.0120155533884 0.00600789137905
-0.0120173413602 0.00600849892087
-0.0120344851026 0.00601663454159
-0.0120730722561 0.00603534882081
-0.0121388308967 0.00606751596926
-0.0122370215273 0.00611577832601
-0.0123723370741 0.00618249724201
-0.0125488126134 0.00626970678711
-0.0127697463898 0.00637907471842
-0.0130376334918 0.00651186838495
-0.0133541133351 0.00666892863434
-0.013719931868 0.0068506501345
-0.0141349191592 0.00705697013798
-0.0145979827673 0.00728736450013
-0.0151071170207 0.00754085217192
-0.0156594280618 0.007816007153
-0.0162511742435 0.00811097848698
-0.0168778211991 0.00842351732104
-0.017534110658 0.00875101110394
-0.018214141843 0.00909052390679
-0.0189114640702 0.00943884254393
-0.0196191789791 0.00979252741387
-0.0203300506565 0.0101479674418
-0.0210366217833 0.0105014379878
-0.021731333827 0.0108491609018
-0.0224066492358 0.0111873655673
-0.0230551735541 0.0115123500066
-0.0236697753814 0.0118205409155
-0.0242437021306 0.0121085516807
-0.0247706896166 0.0123732373306
-0.0252450636072 0.0126117455336
-0.0256618316099 0.0128215627351
-0.0260167633292 0.0130005546819
-0.0263064584291 0.0131470006151
-0.0265284004446 0.0132596205754
-0.0266809959295 0.0133375953359
-0.0267635981752 0.0133805786405
-0.0267765150997 0.0133887015294
-0.0267210011785 0.0133625686892
-0.0265992335577 0.0133032468847
-0.0264142727631 0.0132122456791
-0.0261700086806 0.0130914907672
-0.025871092734 0.0129432903857
-0.0255228574234 0.0127702953712
-0.0251312246018 0.0125754535534
-0.0247026040603 0.0123619592619
-0.0242437841572 0.0121331988123
-0.0237618163619 0.0118926929033
-0.0232638956878 0.0116440369098
-0.0227572390587 0.0113908400937
-0.0222489636878 0.0111366647697
-0.0217459675463 0.0108849664677
-0.021254813965 0.0106390361118
-0.0207816223375 0.0104019452053
-0.0203319667925 0.0101764949555
-0.0199107845615 0.00996517020657
-0.0195222956065 0.00977009896773
-0.0191699348736 0.00959301822279
-0.0188562983282 0.00943524660557
-0.0185831036843 0.0092976644033
-0.0183511664944 0.00918070122705
-0.0181603919999 0.0090843315554
-0.0180097828718 0.00900807822354
-0.0178974627008 0.00895102379318
-0.0178207148248 0.00891182960384
-0.0177760358178 0.00888876217431
-0.017759202717 0.00887972649734
-0.0177653528227 0.00888230565202
-0.0177890746983 0.0088938060505
-0.0178245087973 0.00891130753866
-0.0178654559864 0.00893171748748
-0.0179054920925 0.00895182794309
-0.0179380865029 0.00896837485126
-0.0179567227742 0.00897809833613
-0.0179550191735 0.00897780299513
-0.0179268470755 0.00896441717127
-0.0178664451748 0.00893505018184
-0.0177685275456 0.00888704651673
-0.0176283836852 0.00881803607207
-0.0174419688133 0.00872597955207
-0.0172059828695 0.00860920825481
-0.0169179368403 0.0084664575537
-0.0165762052661 0.00829689349411
-0.016180064015 0.00810013204246
-0.0157297126607 0.00787625065075
-0.0152262810674 0.00762579193088
-0.0146718200526 0.00734975936833
-0.0140692762726 0.00704960514067
-0.0134224517454 0.00672721024174
-0.0127359486872 0.0063848572439
-0.0120151005919 0.00602519615675
-0.0112658907182 0.00565120395889
-0.0104948593626 0.00526613848768
-0.00970900149088 0.00487348746851
-0.00891565646489 0.00447691354827
-0.00812239173697 0.00408019626636
-0.00733688248726 0.00368717194889
-0.00656678924975 0.00330167254754
-0.00581963560696 0.00292746446252
-0.00510268803235 0.00256818838984
-0.00442283992333 0.00222730121528
-0.00378650179596 0.00190802094293
-0.0031994995079 0.00161327559428
-0.00266698223846 0.00134565694614
-0.00219334178884 0.00110737989295
-0.00178214457161 0.000900248123107
-0.00143607744225 0.000725626691199
-0.00115690828904 0.000584421949956
-0.000945462045393 0.000477069180375
-0.000801612525584 0.000403528126758
-0.000724290214164 0.000363286508474
-0.000711505867303 0.000355371444016
-0.000760389513958 0.000378368587771
-0.000867244181903 0.000430448648229
-0.00102761342225 0.000509400830337
-0.0012363614705 0.000612672626468
-0.00148776466654 0.00073741527215
-0.00177561256382 0.000880534086052
-0.00209331699297 0.00103874283043
-0.00243402720923 0.00120862115973
-0.00279074914988 0.00138667417253
-0.00315646675802 0.00156939304624
-0.00352426329411 0.00175331571586
-0.00388744055786 0.00193508655748
-0.00423963397903 0.00211151405476
-0.00457492160721 0.00227962546118
-0.00488792513567 0.0024367175228
-0.00517390123108 0.0025804023938
-0.00542882160758 0.00270864795969
-0.00564944047675 0.00281981187917
-0.00583334822166 0.00291266876311
-0.00597901037955 0.00298643002726
-0.0060857912695 0.00304075608054
-0.00615396186498 0.00307576064243
-0.00618469178109 0.00309200711795
-0.00618002551891 0.0030904970948
-0.00614284337912 0.00307265116225
-0.00607680772004 0.00304028238339
-0.00598629548647 0.0029955628777
-0.00587631817125 0.0029409840898
-0.00575243058686 0.00287931142779
-0.00562063001656 0.00281353405185
-0.00548724747953 0.00274681067646
-0.00535883297988 0.00268241231841
-0.00524203671293 0.00262366297515
-0.00514348827172 0.00257387925359
-0.00506967593129 0.0025363099877
-0.00502682808746 0.00251407688383
-0.0050207988905 0.0025101172149
-0.00505696004228 0.00252712955016
-0.00514010062091 0.00256752345523
-0.0052743366596 0.00263337402939
-0.00546303203975 0.00272638206459
-0.00570873206554 0.00284784051452
-0.00601311086987 0.00299860785427
-0.00637693356583 0.00317908879347
-0.00680003380525 0.00338922267988
-0.00728130714288 0.00362847979909
-0.00781872033423 0.00389586564105
-0.0084093364229 0.00418993306762
-0.00904935520306 0.00450880218066
-0.00973416837985 0.00485018755804
-0.0104584284991 0.00521143239935
-0.0112161304821 0.00558954900456
-0.0120007043863 0.00598126490079
-0.0128051178192 0.00638307383558
-0.0136219862694 0.00679129077203
-0.0144436894817 0.00720210995222
-0.0152624919016 0.00761166504353
-0.0160706651419 0.00801609034599
-0.0168606103928 0.00841158202135
-0.0176249786955 0.00879445830356
-0.0183567870363 0.00916121766817
-0.0190495282903 0.00950859397256
-0.0196972731472 0.00983360763111
-0.0202947622906 0.0101336119568
-0.020837487268 0.0104063338837
-0.0213217586809 0.0106499083801
-0.0217447605431 0.0108629059711
-0.0221045898896 0.0110443529058
-0.0224002809728 0.0111937436313
-0.0226318136439 0.0113110453661
-0.0228001057889 0.0113966947005
-0.0229069899614 0.0114515862896
-0.0229551746226 0.0114770538374
-0.0229481906646 0.0114748437024
-0.0228903241421 0.0114470815831
-0.0227865363736 0.011396232859
-0.0226423727908 0.0113250572682
-0.0224638621042 0.0112365587055
-0.0222574075192 0.0111339310012
-0.0220296718749 0.0110205006158
-0.0217874586751 0.0108996672321
-0.0215375910596 0.0107748432676
-0.0212867907891 0.0106493933442
-0.0210415593246 0.0105265747556
-0.0208080630397 0.0104094799513
-0.0205920245366 0.0103009820283
-0.0203986219293 0.010203684161
-0.0202323978227 0.0101198738408
-0.0200971795485 0.010051482707
-0.0199960120241 0.0100000526601
-0.0199311043893 0.00996670883775
-0.0199037913321 0.00995213991673
-0.0199145097693 0.00995658607837
-0.0199627912803 0.00997983484471
-0.0200472704246 0.0100212248557
-0.0201657087988 0.0100796575232
-0.0203150344228 0.0101536163613
-0.0204913957765 0.0102411936627
-0.0206902295631 0.010340124061
-0.0209063410349 0.0104478244068
-0.0211339955039 0.0105614392699
-0.0213670194685 0.0106778912901
-0.0215989096195 0.0107939355106
-0.0218229478573 0.0109062167631
-0.0220323203445 0.0110113291193
-0.0222202385518 0.0111058763884
-0.0223800602187 0.011186532622
-0.0225054081522 0.011250101588
-0.0225902848227 0.011293574191
-0.0226291807878 0.0113141828537
-0.0226171750799 0.011309451923
-0.022550025831 0.0112772432345
-0.0224242495733 0.0112157960511
-0.0222371878494 0.0111237606861
-0.0219870599806 0.0110002252311
-0.0216730010795 0.0108447349253
-0.0212950846457 0.0106573038289
-0.0208543293447 0.0104384185955
-0.020352689842 0.0101890342718
-0.0197930318373 0.00991056219083
-0.0191790917118 0.00960485015922
-0.018515421466 0.00927415527053
-0.017807319877 0.00892110980328
-0.0170607510388 0.00854868078003
-0.0162822516645 0.00816012387256
-0.0154788287242 0.00775893243436
-0.0146578491527 0.00734878252552
-0.0138269235012 0.00693347486301
-0.0129937855087 0.00651687468224
-0.0121661696374 0.0061028505313
-0.0113516886536 0.00569521303756
-0.0105577133323 0.00529765468671
-0.00979125632972 0.00491369163684
-0.00905886219395 0.00454660855563
-0.00836650538117 0.00419940741666
-0.0077194980067 0.00387476112326
-0.00712240889393 0.00357497274574
-0.00657899529086 0.00330194106178
-0.0060921484074 0.00305713298202
-0.00566385369015 0.00284156332496
-0.00529516649928 0.00265578227987
-0.00498620358894 0.0024998707646
-0.00473615052209 0.00237344375054
-0.00454328487855 0.00227566149043
-0.00440501484471 0.00220524844988
-0.00431793251068 0.00216051961156
-0.0042778809491 0.00213941369501
-0.00428003391435 0.00213953271718
-0.00431898678526 0.0021581872098
-0.00438885718244 0.00219244631381
-0.00448339352591 0.00223919188717
-0.00459608966366 0.00229517569428
-0.00472030359767 0.00235707869253
-0.00484937826483 0.0024215713959
-0.00497676229499 0.00248537427708
-0.00509612866944 0.00254531716964
-0.00520148923934 0.00259839664845
-0.00528730313519 0.00264183040197
-0.00534857720296 0.00267310766132
-0.00538095674001 0.00269003481905
-0.00538080496991 0.00269077545289
-0.00534526988869 0.00267388406576
-0.00527233733177 0.00263833296133
-0.00516086934682 0.00258353179186
-0.00501062721007 0.00250933944079
-0.00482227868676 0.00241606803419
-0.00459738940659 0.0023044790097
-0.00433839849741 0.00217577130836
-0.00404857889037 0.00203156188925
-0.00373198297257 0.00187385889884
-0.00339337451447 0.00170502795288
-0.00303814803501 0.00152775210666
-0.00267223698259 0.00134498619802
-0.00230201230244 0.00115990634378
-0.00193417312553 0.000975855453718
-0.00157563145001 0.000796285694597
-0.00123339278936 0.000624698889131
-0.000914434830931 0.00046458587062
-0.000625586183565 0.000319365831941
-0.000373407291611 0.000192326708126
-0.000164075556529 8.65676142839e-05
-3.27663567924e-06 4.94432581069e-06
0.000103896217145 -4.99812639932e-05
0.000153033041934 -7.59868414897e-05
0.000140486732485 -7.12297406965e-05
6.34398986303e-05 -3.42806929778e-05
-8.00421202597e-05 3.58493224577e-05
-0.000290973004968 0.000139689590366
-0.00056942263174 0.000277297870984
-0.000914510072189 0.000448256517179
-0.00132441254653 0.000651676568123
-0.00179639018638 0.000886209754154
-0.00232682619331 0.00115006821237
-0.00291128171649 0.00144105158076
-0.00354456452107 0.00175658101276
-0.00422081028378 0.00209373953567
-0.00493357513634 0.0024493180684
-0.00567593788511 0.00281986631705
-0.00644061017064 0.00320174768362
-0.00722005269474 0.00359119725491
-0.00800659553964 0.00398438188574
-0.00879256053381 0.00437746135516
-0.00957038358454 0.00476664955625
-0.0103327348979 0.00514827467925
-0.0110726350435 0.00551883736558
-0.0117835648923 0.00587506584475
-0.0124595675613 0.00621396711822
-0.0130953406351 0.00653287332168
-0.0136863171027 0.00682948248007
-0.0142287336373 0.00710189296548
-0.0147196850691 0.00734863107604
-0.0151571641317 0.00756867127141
-0.0155400858188 0.00776144872651
-0.0158682959496 0.00792686399617
-0.0161425638117 0.00806527971884
-0.0163645590228 0.00817750942323
-0.0165368130222 0.00826479863726
-0.0166626658665 0.00832879863015
-0.016746199256 0.00837153324457
-0.0167921569511 0.00839535939392
-0.0168058539569 0.00840292190817
-0.016793076044 0.00839710350834
-0.0167599713397 0.00838097077288
-0.0167129358593 0.00835771702771
-0.0166584949495 0.00833060314439
-0.0166031826877 0.00830289726619
-0.0165534213133 0.00827781450052
-0.0165154027685 0.00825845761614
-0.0164949743881 0.00824775976661
-0.0164975307071 0.00824843022641
-0.0165279132503 0.00826290407443
-0.01659032003 0.00829329669193
-0.0166882263132 0.00834136385946
-0.0168243180239 0.0084084681411
-0.0170004389323 0.00849555213683
-0.017217552545 0.00860311906594
-0.0174757193575 0.0087312210187
-0.0177740898686 0.00887945508224
-0.0181109134849 0.00904696741157
-0.0184835631726 0.00923246518023
-0.0188885754423 0.00943423621041
-0.0193217049894 0.00965017595042
-0.0197779930651 0.00987782134146
-0.0202518484111 0.0101143909975
-0.0207371393826 0.0103568310141
-0.0212272956861 0.0106018656245
-0.0217154179981 0.0108460518394
-0.0221943935923 0.0110858371372
-0.0226570160009 0.0113176192199
-0.0230961066659 0.0115378068132
-0.0235046365012 0.0117428804726
-0.023875845288 0.0119294523551
-0.0242033568608 0.0120943239359
-0.0244812881152 0.0122345406807
-0.0247043499721 0.012347442741
-0.0248679385694 0.0124307108026
-0.0249682151214 0.012482406303
-0.0250021730764 0.0125010053289
-0.0249676914219 0.012485425613
-0.0248635732224 0.0124350461656
-0.0246895687262 0.0123497192048
-0.0244463826434 0.012229774178
-0.024135665464 0.012076013804
-0.023759988961 0.0118897022016
-0.0233228062907 0.0116725453033
-0.022828397368 0.0114266638878
-0.0222818004423 0.0111545596878
-0.0216887310399 0.010859075151
-0.0210554896498 0.0105433475366
-0.0203888597252 0.0102107581311
-0.0196959977362 0.00986487744528
-0.0189843171462 0.00950940732787
-0.018261368287 0.00914812097916
-0.0175347161767 0.00878480188727
-0.0168118183625 0.00842318272594
-0.0160999048641 0.00806688525366
-0.0154058622634 0.00771936223691
-0.0147361239099 0.00738384238506
-0.0140965681077 0.00706327923293
-0.0134924260156 0.00676030483936
-0.01292820082 0.0064771890874
-0.0124075995535 0.00621580527593
-0.0119334787089 0.00597760258443
-0.0115078045682 0.00576358587533
-0.0111316289084 0.00557430317218
-0.0108050804877 0.00540984102087
-0.010527372442 0.00526982780587
-0.0102968254501 0.0051534449574
-0.0101109062571 0.00505944585024
-0.00996628088155 0.00498618206336
-0.00985888157964 0.00493163654337
-0.00978398640744 0.00489346309677
-0.00973631000253 0.00486903152752
-0.0097101040175 0.00485547764006
-0.00969926547095 0.00484975724434
-0.00969745114683 0.00484870323123
-0.00969819606934 0.00484908473394
-0.00969503401078 0.00484766735567
-0.00968161795545 0.00484127342514
-0.00965183844293 0.00482684124167
-0.00959993775115 0.00480148228841
-0.00952061795046 0.00476253542736
-0.00940914096526 0.00470761714169
-0.00926141891655 0.00463466695828
-0.00907409318532 0.00454198726609
-0.00884460082994 0.00442827684228
-0.00857122720736 0.00429265750522
-0.0082531438841 0.0041346934318
-0.00789043117537 0.00395440280177
-0.00748408491352 0.00375226156353
-0.00703600731768 0.00352919925052
-0.00654898210843 0.00328658691383
-0.00602663428161 0.00302621737144
-0.00547337521811 0.00275027810641
-0.00489433405778 0.00246131727228
-0.00429527650111 0.00216220338184
-0.00368251241795 0.00185607936418
-0.00306279383439 0.0015463117711
-0.00244320503412 0.00123643599746
-0.00183104664597 0.000930098448356
-0.00123371569284 0.000630996638676
-0.000658583646549 0.000342818245917
-0.000112874568261 6.91801556868e-05
0.000396454587244 -0.00018643146055
0.000862829461362 -0.000420719013212
0.00128016760495 -0.00063062832043
0.00164297974964 -0.000813399456352
0.00194646130863 -0.000966612754063
0.00218657254525 -0.00108822917788
0.00236010604059 -0.00117662437583
0.00246474030834 -0.00123061583096
