0.0 0.0
0.169786007979 0.0
0.33727814083 0.0
0.500220829823 0.0
0.65643446504 0.0
0.803851751025 0.0
0.940552145042 0.0
1.06479379016 0.0
1.17504239816 0.0
1.26999658959 0.0
1.34860925865 0.0
1.41010459891 0.0
1.45399049974 0.0
1.48006610287 0.0
1.48842439101 0.0
1.47944976553 0.0
1.45381065608 0.0
1.4124472896 0.0
1.35655482952 0.0
1.28756217454 0.0
1.20710678119 0.0
1.1170059418 0.0
1.0192250107 0.0
0.915843123101 0.0
0.809016994375 0.0
0.700943420082 0.0
0.593821119252 0.0
0.489812574708 0.0
0.391006524188 0.0
0.299381744816 0.0
0.216772751325 0.0
0.144837995631 0.0
0.0850311125107 0.0
0.0385757039424 0.0
0.00644409410861 0.0
-0.0106595809706 0.0
-0.0123116594049 0.0
0.00162359558112 0.0
0.0309915074441 0.0
0.0753495037294 0.0
0.133974596216 0.0
0.205875695949 0.0
0.289810552547 0.0
0.384307027946 0.0
0.487688340595 0.0
0.598101848038 0.0
0.713550875295 0.0
0.831929044234 0.0
0.951056516295 0.0
1.06871752814 0.0
1.18269857761 0.0
1.29082660619 0.0
1.39100652419 0.0
1.48125743608 0.0
1.55974694554 0.0
1.62482295259 0.0
1.67504239816 0.0
1.70919646339 0.0
1.72633179189 0.0
1.72576737081 0.0
1.70710678119 0.0
1.67024560691 0.0
1.61537387462 0.0
1.54297348182 0.0
1.45381065608 0.0
1.34892357331 0.0
1.2296053459 0.0
1.09738267051 0.0
0.95399049974 0.0
0.801343169903 0.0
0.641502477468 0.0
0.476643249298 0.0
0.309016994375 0.0
0.140914257645 0.0
-0.0253736812466 0.0
-0.187593110349 0.0
-0.34356553496 0.0
-0.491224031551 0.0
-0.628647685459 0.0
-0.754093524532 0.0
-0.866025403784 0.0
-0.96313934827 0.0
-1.04438492202 0.0
-1.10898225883 0.0
-1.15643446504 0.0
-1.18653518339 0.0
-1.19937119014 0.0
-1.19531998238 0.0
-1.17504239816 0.0
-1.13947039737 0.0
-1.08979021355 0.0
-1.02742116655 0.0
-0.95399049974 0.0
-0.871304673862 0.0
-0.781317609818 0.0
-0.68609642524 0.0
-0.587785252292 0.0
-0.48856775709 0.0
-0.390629003228 0.0
-0.296117313168 0.0
-0.207106781187 0.0
-0.125561080427 0.0
-0.0532991844135 0.0
0.00803640941049 0.0
0.0570084094095 0.0
0.0924099202087 0.0
0.113285661935 0.0
0.118948854301 0.0
0.108993475812 0.0
0.0833016875487 0.0
0.0420462937778 0.0
-0.0143118034112 0.0
-0.0850311125107 0.0
-0.169101896162 0.0
-0.265263139211 0.0
-0.372023851395 0.0
-0.487688340595 0.0
-0.61038502459 0.0
-0.738098288631 0.0
-0.868702844021 0.0
-1.0 0.0
-1.12975522846 0.0
-1.25573637884 0.0
-1.37575188932 0.0
-1.4876883406 0.0
-1.58954670941 0.0
-1.67947670158 0.0
-1.75580857674 0.0
-1.81708192008 0.0
-1.86207086843 0.0
-1.8898053588 0.0
-1.8995880352 0.0
-1.89100652419 0.0
-1.86394086845 0.0
-1.81856599064 0.0
-1.75534914481 0.0
-1.67504239816 0.0
-1.57867027117 0.0
-1.46751274679 0.0
-1.34308393844 0.0
-1.20710678119 0.0
-1.0614841779 0.0
-0.908267093433 0.0
-0.74962014153 0.0
-0.587785252292 0.0
-0.4250440408 0.0
-0.263679519613 0.0
-0.105937809132 0.0
0.0460095002605 0.0
0.190101691471 0.0
0.324423348821 0.0
0.447236283214 0.0
0.557008409409 0.0
0.652439082646 0.0
0.732480462433 0.0
0.796354539358 0.0
0.84356553496 0.0
0.873907463916 0.0
0.887466730561 0.0
0.884619716752 0.0
0.866025403784 0.0
0.83261315605 0.0
0.785565876914 0.0
0.726298826467 0.0
0.65643446504 0.0
0.577773754381 0.0
0.492264408958 0.0
0.401966642085 0.0
0.309016994375 0.0
0.215590864857 0.0
0.123864387263 0.0
0.0359763051723 0.0
-0.0460095002605 0.0
-0.120140187512 0.0
-0.184608216471 0.0
-0.237783107272 0.0
-0.278240151492 0.0
-0.304785583201 0.0
-0.316477777959 0.0
-0.312644115841 0.0
-0.292893218813 0.0
-0.257122351938 0.0
-0.205519860689 0.0
-0.138562601631 0.0
-0.0570084094095 0.0
0.0381162720113 0.0
0.145533383168 0.0
0.263734578064 0.0
0.391006524188 0.0
0.52545974146 0.0
0.665060487409 0.0
0.807665143702 0.0
0.951056516295 0.0
1.09298142867 0.0
1.2311889655 0.0
1.36346871277 0.0
1.4876883406 0.0
1.60182988596 0.0
1.70402411492 0.0
1.79258237653 0.0
1.86602540378 0.0
1.92310856875 0.0
1.96284316002 0.0
1.98451331833 0.0
1.9876883406 0.0
1.97223014178 0.0
1.93829574669 0.0
1.88633476896 0.0
1.81708192008 0.0
1.73154467621 0.0
1.6309863137 0.0
1.51690460283 0.0
1.39100652419 0.0
1.25517943944 0.0
1.11145920946 0.0
0.961995804523 0.0
0.809016994375 0.0
0.654790738661 0.0
0.501586920498 0.0
0.351639077071 0.0
0.207106781187 0.0
0.0700393165242 0.0
-0.0576587328564 0.0
-0.174259390981 0.0
-0.278240151492 0.0
-0.368309299492 0.0
-0.443427261573 0.0
-0.502823619877 0.0
-0.54600950026 0.0
-0.572785123836 0.0
-0.583242393924 0.0
-0.577762475434 0.0
-0.557008409409 0.0
-0.521912890426 0.0
-0.473661417331 0.0
-0.413671106993 0.0
-0.34356553496 0.0
-0.265146034907 0.0
-0.180359949375 0.0
-0.091266376461 0.0
-8.57252759403e-16 0.0
0.091266376461 0.0
0.180359949375 0.0
0.265146034907 0.0
0.34356553496 0.0
0.413671106993 0.0
0.473661417331 0.0
0.521912890426 0.0
0.557008409409 0.0
0.577762475434 0.0
0.583242393924 0.0
0.572785123836 0.0
0.54600950026 0.0
0.502823619877 0.0
0.443427261573 0.0
0.368309299492 0.0
0.278240151492 0.0
0.174259390981 0.0
0.0576587328564 0.0
-0.0700393165242 0.0
-0.207106781187 0.0
-0.351639077071 0.0
-0.501586920498 0.0
-0.654790738661 0.0
-0.809016994375 0.0
-0.961995804523 0.0
-1.11145920946 0.0
-1.25517943944 0.0
-1.39100652419 0.0
-1.51690460283 0.0
-1.6309863137 0.0
-1.73154467621 0.0
-1.81708192008 0.0
-1.88633476896 0.0
-1.93829574669 0.0
-1.97223014178 0.0
-1.9876883406 0.0
-1.98451331833 0.0
-1.96284316002 0.0
-1.92310856875 0.0
-1.86602540378 0.0
-1.79258237653 0.0
-1.70402411492 0.0
-1.60182988596 0.0
-1.4876883406 0.0
-1.36346871277 0.0
-1.2311889655 0.0
-1.09298142867 0.0
-0.951056516295 0.0
-0.807665143702 0.0
-0.665060487409 0.0
-0.52545974146 0.0
-0.391006524188 0.0
-0.263734578064 0.0
-0.145533383168 0.0
-0.0381162720113 0.0
0.0570084094095 0.0
0.138562601631 0.0
0.205519860689 0.0
0.257122351938 0.0
0.292893218813 0.0
0.312644115841 0.0
0.316477777959 0.0
0.304785583201 0.0
0.278240151492 0.0
0.237783107272 0.0
0.184608216471 0.0
0.120140187512 0.0
0.0460095002605 0.0
-0.0359763051723 0.0
-0.123864387263 0.0
-0.215590864857 0.0
-0.309016994375 0.0
-0.401966642085 0.0
-0.492264408958 0.0
-0.577773754381 0.0
-0.65643446504 0.0
-0.726298826467 0.0
-0.785565876914 0.0
-0.83261315605 0.0
-0.866025403784 0.0
-0.884619716752 0.0
-0.887466730561 0.0
-0.873907463916 0.0
-0.84356553496 0.0
-0.796354539358 0.0
-0.732480462433 0.0
-0.652439082646 0.0
-0.557008409409 0.0
-0.447236283214 0.0
-0.324423348821 0.0
-0.190101691471 0.0
-0.0460095002605 0.0
0.105937809132 0.0
0.263679519613 0.0
0.4250440408 0.0
0.587785252292 0.0
0.74962014153 0.0
0.908267093433 0.0
1.0614841779 0.0
1.20710678119 0.0
1.34308393844 0.0
1.46751274679 0.0
1.57867027117 0.0
1.67504239816 0.0
1.75534914481 0.0
1.81856599064 0.0
1.86394086845 0.0
1.89100652419 0.0
1.8995880352 0.0
1.8898053588 0.0
1.86207086843 0.0
1.81708192008 0.0
1.75580857674 0.0
1.67947670158 0.0
1.58954670941 0.0
1.4876883406 0.0
1.37575188932 0.0
1.25573637884 0.0
1.12975522846 0.0
1.0 0.0
0.868702844021 0.0
0.738098288631 0.0
0.61038502459 0.0
0.487688340595 0.0
0.372023851395 0.0
0.265263139211 0.0
0.169101896162 0.0
0.0850311125107 0.0
0.0143118034112 0.0
-0.0420462937778 0.0
-0.0833016875487 0.0
-0.108993475812 0.0
-0.118948854301 0.0
-0.113285661935 0.0
-0.0924099202087 0.0
-0.0570084094095 0.0
-0.00803640941049 0.0
0.0532991844135 0.0
0.125561080427 0.0
0.207106781187 0.0
0.296117313168 0.0
0.390629003228 0.0
0.48856775709 0.0
0.587785252292 0.0
0.68609642524 0.0
0.781317609818 0.0
0.871304673862 0.0
0.95399049974 0.0
1.02742116655 0.0
1.08979021355 0.0
1.13947039737 0.0
1.17504239816 0.0
1.19531998238 0.0
1.19937119014 0.0
1.18653518339 0.0
1.15643446504 0.0
1.10898225883 0.0
1.04438492202 0.0
0.96313934827 0.0
0.866025403784 0.0
0.754093524532 0.0
0.628647685459 0.0
0.491224031551 0.0
0.34356553496 0.0
0.187593110349 0.0
0.0253736812466 0.0
-0.140914257645 0.0
-0.309016994375 0.0
-0.476643249298 0.0
-0.641502477468 0.0
-0.801343169903 0.0
-0.95399049974 0.0
-1.09738267051 0.0
-1.2296053459 0.0
-1.34892357331 0.0
-1.45381065608 0.0
-1.54297348182 0.0
-1.61537387462 0.0
-1.67024560691 0.0
-1.70710678119 0.0
-1.72576737081 0.0
-1.72633179189 0.0
-1.70919646339 0.0
-1.67504239816 0.0
-1.62482295259 0.0
-1.55974694554 0.0
-1.48125743608 0.0
-1.39100652419 0.0
-1.29082660619 0.0
-1.18269857761 0.0
-1.06871752814 0.0
-0.951056516295 0.0
-0.831929044234 0.0
-0.713550875295 0.0
-0.598101848038 0.0
-0.487688340595 0.0
-0.384307027946 0.0
-0.289810552547 0.0
-0.205875695949 0.0
-0.133974596216 0.0
-0.0753495037294 0.0
-0.0309915074441 0.0
-0.00162359558112 0.0
0.0123116594049 0.0
0.0106595809706 0.0
-0.00644409410861 0.0
-0.0385757039424 0.0
-0.0850311125107 0.0
-0.144837995631 0.0
-0.216772751325 0.0
-0.299381744816 0.0
-0.391006524188 0.0
-0.489812574708 0.0
-0.593821119252 0.0
-0.700943420082 0.0
-0.809016994375 0.0
-0.915843123101 0.0
-1.0192250107 0.0
-1.1170059418 0.0
-1.20710678119 0.0
-1.28756217454 0.0
-1.35655482952 0.0
-1.4124472896 0.0
-1.45381065608 0.0
-1.47944976553 0.0
-1.48842439101 0.0
-1.48006610287 0.0
-1.45399049974 0.0
-1.41010459891 0.0
-1.34860925865 0.0
-1.26999658959 0.0
-1.17504239816 0.0
-1.06479379016 0.0
-0.940552145042 0.0
-0.803851751025 0.0
-0.65643446504 0.0
-0.500220829823 0.0
-0.33727814083 0.0
-0.169786007979 0.0
