0.0 0.0 0.0 0.0 0.0 0.0
1.61336859816e-05 1.46059515481e-12 -1.59958804038e-12 -3.53650399521e-05 -1.59958804038e-24 1.46059515481e-24
6.71364156766e-05 6.08493159199e-12 -6.36846751212e-12 -0.000140967688354 -6.36846751212e-24 6.08493159199e-24
0.000152800334985 1.38759989587e-11 -1.42185965485e-11 -0.000315353286973 -1.42185965485e-23 1.38759989587e-23
0.000271548463653 2.47261186434e-11 -2.5007228824e-11 -0.000556143953091 -2.5007228824e-23 2.47261186434e-23
0.000422108823517 3.85670352346e-11 -3.85413660435e-11 -0.000860078213001 -3.85413660435e-23 3.85670352346e-23
0.000602176442203 5.52448378853e-11 -5.45836422823e-11 -0.00122306530443 -5.45836422823e-23 5.52448378853e-23
0.00080957282115 7.4622967806e-11 -7.28593484085e-11 -0.00164025333076 -7.28593484085e-23 7.4622967806e-23
0.00104135751787 9.64961059824e-11 -9.30642531265e-11 -0.00210611001325 -9.30642531265e-23 9.64961059824e-23
0.00129463976007 1.20661705414e-10 -1.1487286657e-10 -0.00261451473776 -1.1487286657e-22 1.20661705414e-22
0.00156599740417 1.46861035009e-10 -1.37946792718e-10 -0.0031588602634 -1.37946792718e-22 1.46861035009e-22
0.00185205262756 1.74829926727e-10 -1.61942850012e-10 -0.00373216240831 -1.61942850012e-22 1.74829926727e-22
0.00214909993213 2.04259271967e-10 -1.8652068129e-10 -0.0043271757992 -1.8652068129e-22 2.04259271967e-22
0.00245352046549 2.34832332303e-10 -2.11349635337e-10 -0.00493651374432 -2.11349635337e-22 2.34832332303e-22
0.0027615505901 2.66199548735e-10 -2.36114764074e-10 -0.00555277015681 -2.36114764074e-22 2.66199548735e-22
0.00306958401289 2.98007365875e-10 -2.60521846788e-10 -0.00616864147245 -2.60521846788e-22 2.98007365875e-22
0.00337403286271 3.29883696853e-10 -2.84301412235e-10 -0.00677704646403 -2.84301412235e-22 3.29883696853e-22
0.00367154971178 3.6146136931e-10 -3.07211784291e-10 -0.00737124192603 -3.07211784291e-22 3.6146136931e-22
0.00395894721111 3.92371332587e-10 -3.29041218665e-10 -0.00794493224556 -3.29041218665e-22 3.92371332587e-22
0.00423336071471 4.22262362585e-10 -3.49609230356e-10 -0.00849237100452 -3.49609230356e-22 4.22262362585e-22
0.0044922024188 4.50799403142e-10 -3.6876723007e-10 -0.00900845287516 -3.6876723007e-22 4.50799403142e-22
0.00473327789717 4.77680031101e-10 -3.86398596369e-10 -0.00948879425379 -3.86398596369e-22 4.77680031101e-22
0.00495475778663 5.02635472171e-10 -4.02418307759e-10 -0.00992980125739 -4.02418307759e-22 5.02635472171e-22
0.00515525689335 5.25443581767e-10 -4.16772249027e-10 -0.0103287239355 -4.16772249027e-22 5.25443581767e-22
0.00533381169929 5.45930306989e-10 -4.29436289123e-10 -0.0106836957765 -4.29436289123e-22 5.45930306989e-22
0.00548992795134 5.63978644466e-10 -4.40415207121e-10 -0.0109937578486 -4.40415207121e-22 5.63978644466e-22
0.00562355624049 5.79528780289e-10 -4.49741518965e-10 -0.0112588671696 -4.49741518965e-22 5.79528780289e-22
0.00573511252882 5.92582633841e-10 -4.57474233495e-10 -0.0114798891789 -4.57474233495e-22 5.92582633841e-22
0.00582544716042 6.03201606732e-10 -4.63697542423e-10 -0.0116585744509 -4.63697542423e-22 6.03201606732e-22
0.00589584217361 6.11506791258e-10 -4.68519427433e-10 -0.0117975200613 -4.68519427433e-22 6.11506791258e-22
0.0059479715752 6.17674075037e-10 -4.72070149241e-10 -0.0119001162826 -4.72070149241e-22 6.17674075037e-22
0.00598387919962 6.21930674993e-10 -4.74500569603e-10 -0.0119704795318 -4.74500569603e-22 6.21930674993e-22
0.00600593005124 6.24548080309e-10 -4.75980248705e-10 -0.012013372734 -4.75980248705e-22 6.24548080309e-22
0.00601677266349 6.25836041351e-10 -4.76695257995e-10 -0.0120341144773 -4.76695257995e-22 6.25836041351e-22
0.00601928286028 6.26134310109e-10 -4.76845652817e-10 -0.0120384785281 -4.76845652817e-22 6.26134310109e-22
0.00601651485292 6.25805409481e-10 -4.76642560512e-10 -0.0120325854408 -4.76642560512e-22 6.25805409481e-22
0.00601163992633 6.25226260299e-10 -4.76304857841e-10 -0.0120227881316 -4.76304857841e-22 6.25226260299e-22
0.00600789075427 6.24780939478e-10 -4.76055436001e-10 -0.0120155533884 -4.76055436001e-22 6.24780939478e-22
0.00600849829602 6.24853097213e-10 -4.7611708113e-10 -0.0120173413602 -4.7611708113e-22 6.24853097213e-22
0.00601663391577 6.25819555938e-10 -4.76708031138e-10 -0.0120344851026 -4.76708031138e-22 6.25819555938e-22
0.00603534819277 6.28044041295e-10 -4.78037303783e-10 -0.0120730722561 -4.78037303783e-22 6.28044041295e-22
0.00606751533738 6.31872015291e-10 -4.80299923378e-10 -0.0121388308967 -4.80299923378e-22 6.31872015291e-22
0.00611577768838 6.37625821922e-10 -4.83672201309e-10 -0.0122370215273 -4.83672201309e-22 6.37625821922e-22
0.00618249659641 6.45600727772e-10 -4.88307245843e-10 -0.0123723370741 -4.88307245843e-22 6.45600727772e-22
0.00626970613104 6.56061245271e-10 -4.94330886742e-10 -0.0125488126134 -4.94330886742e-22 6.56061245271e-22
0.00637907404918 6.69238071314e-10 -5.01838198121e-10 -0.0127697463898 -5.01838198121e-22 6.69238071314e-22
0.00651186769962 6.85325172224e-10 -5.1089078777e-10 -0.0130376334918 -5.1089078777e-22 6.85325172224e-22
0.00666892792986 7.04477209331e-10 -5.21514992987e-10 -0.0133541133351 -5.21514992987e-22 7.04477209331e-22
0.00685064940769 7.26806970113e-10 -5.33701083321e-10 -0.013719931868 -5.33701083321e-22 7.26806970113e-22
0.00705696938559 7.52382945948e-10 -5.47403522178e-10 -0.0141349191592 -5.47403522178e-22 7.52382945948e-22
0.0072873637189 7.81226855323e-10 -5.62542285543e-10 -0.0145979827673 -5.62542285543e-22 7.81226855323e-22
0.00754085135861 8.13311260633e-10 -5.79005181523e-10 -0.0151071170207 -5.79005181523e-22 8.13311260633e-22
0.00781600630444 8.48557210594e-10 -5.96651063228e-10 -0.0156594280618 -5.96651063228e-22 8.48557210594e-22
0.00811097760015 8.86832099768e-10 -6.1531378398e-10 -0.0162511742435 -6.1531378398e-22 8.86832099768e-22
0.00842351639309 9.27947801205e-10 -6.3480671109e-10 -0.0168778211991 -6.3480671109e-22 9.27947801205e-22
0.00875101013228 9.7165931794e-10 -6.54927594881e-10 -0.017534110658 -6.54927594881e-22 9.7165931794e-22
0.00909052288912 1.0176641079e-09 -6.75463584029e-10 -0.018214141843 -6.75463584029e-22 1.0176641079e-21
0.00943884147833 1.06560236431e-09 -6.9619618639e-10 -0.0189114640702 -6.9619618639e-22 1.06560236431e-21
0.00979252629881 1.11505845609e-09 -7.16905994552e-10 -0.0196191789791 -7.16905994552e-22 1.11505845609e-21
0.0101479662763 1.165563798e-09 -7.37377025012e-10 -0.0203300506565 -7.37377025012e-22 1.165563798e-21
0.0105014367712 1.21660133143e-09 -7.57400555931e-10 -0.0210366217833 -7.57400555931e-22 1.21660133143e-21
0.0108491596342 1.2676117984e-09 -7.76778387616e-10 -0.021731333827 -7.76778387616e-22 1.2676117984e-21
0.0111873642493 1.31800187694e-09 -7.9532548907e-10 -0.0224066492358 -7.9532548907e-22 1.31800187694e-21
0.0115123486395 1.36715418956e-09 -8.12872030315e-10 -0.0230551735541 -8.12872030315e-22 1.36715418956e-21
0.011820539501 1.41443905824e-09 -8.2926483172e-10 -0.0236697753814 -8.2926483172e-22 1.41443905824e-21
0.0121085502215 1.45922778498e-09 -8.44368286727e-10 -0.0242437021306 -8.44368286727e-22 1.45922778498e-21
0.0123732358297 1.50090709522e-09 -8.58064832557e-10 -0.0247706896166 -8.58064832557e-22 1.50090709522e-21
0.0126117439947 1.53889428556e-09 -8.70255054468e-10 -0.0252450636072 -8.70255054468e-22 1.53889428556e-21
0.0128215611625 1.57265250725e-09 -8.80857513507e-10 -0.0256618316099 -8.80857513507e-22 1.57265250725e-21
0.0130005530802 1.60170556358e-09 -8.89808386057e-10 -0.0260167633292 -8.89808386057e-22 1.60170556358e-21
0.0131469989894 1.62565155933e-09 -8.97060996917e-10 -0.0263064584291 -8.97060996917e-22 1.62565155933e-21
0.0132596189312 1.64417476399e-09 -9.02585317118e-10 -0.0265284004446 -9.02585317118e-22 1.64417476399e-21
0.0133375936788 1.65705510257e-09 -9.06367484287e-10 -0.0266809959295 -9.06367484287e-22 1.65705510257e-21
0.0133805769763 1.66417479722e-09 -9.08409387965e-10 -0.0267635981752 -9.08409387965e-22 1.66417479722e-21
0.0133886998638 1.66552181759e-09 -9.08728345736e-10 -0.0267765150997 -9.08728345736e-22 1.66552181759e-21
0.013362567028 1.6611899684e-09 -9.0735687903e-10 -0.0267210011785 -9.0735687903e-22 1.6611899684e-21
0.0133032452334 1.65137561878e-09 -9.04342580591e-10 -0.0265992335577 -9.04342580591e-22 1.65137561878e-21
0.0132122440428 1.63637125892e-09 -8.99748049491e-10 -0.0264142727631 -8.99748049491e-22 1.63637125892e-21
0.0130914891506 1.61655622957e-09 -8.93650854691e-10 -0.0261700086806 -8.93650854691e-22 1.61655622957e-21
0.0129432887933 1.59238510563e-09 -8.86143475165e-10 -0.025871092734 -8.86143475165e-22 1.59238510563e-21
0.0127702938068 1.56437430978e-09 -8.77333154101e-10 -0.0255228574234 -8.77333154101e-22 1.56437430978e-21
0.0125754520203 1.53308758584e-09 -8.67341597402e-10 -0.0251312246018 -8.67341597402e-22 1.53308758584e-21
0.0123619577627 1.4991209689e-09 -8.56304443321e-10 -0.0247026040603 -8.56304443321e-22 1.4991209689e-21
0.0121331973492 1.46308785692e-09 -8.44370431354e-10 -0.0242437841572 -8.44370431354e-22 1.46308785692e-21
0.0118926914777 1.42560471979e-09 -8.31700204953e-10 -0.0237618163619 -8.31700204953e-22 1.42560471979e-21
0.0116440355226 1.38727788811e-09 -8.18464694727e-10 -0.0232638956878 -8.18464694727e-22 1.38727788811e-21
0.011390838745 1.34869175346e-09 -8.04843046502e-10 -0.0227572390587 -8.04843046502e-22 1.34869175346e-21
0.0111366634593 1.31039859656e-09 -7.9102008163e-10 -0.0222489636878 -7.9102008163e-22 1.31039859656e-21
0.0108849651947 1.27291014689e-09 -7.77183304332e-10 -0.0217459675463 -7.77183304332e-22 1.27291014689e-21
0.0106390348751 1.23669087675e-09 -7.63519501212e-10 -0.021254813965 -7.63519501212e-22 1.23669087675e-21
0.0104019440032 1.2021529479e-09 -7.50211009475e-10 -0.0207816223375 -7.50211009475e-22 1.2021529479e-21
0.0101764937858 1.16965266504e-09 -7.37431760417e-10 -0.0203319667925 -7.37431760417e-22 1.16965266504e-21
0.00996516906708 1.13948824717e-09 -7.25343230966e-10 -0.0199107845615 -7.25343230966e-22 1.13948824717e-21
0.00977009785583 1.11189870628e-09 -7.14090455768e-10 -0.0195222956065 -7.14090455768e-22 1.11189870628e-21
0.00959301713573 1.08706361941e-09 -7.03798263407e-10 -0.0191699348736 -7.03798263407e-22 1.08706361941e-21
0.00943524554046 1.06510359422e-09 -6.94567901136e-10 -0.0188562983282 -6.94567901136e-22 1.06510359422e-21
0.00929766335722 1.04608125399e-09 -6.86474202128e-10 -0.0185831036843 -6.86474202128e-22 1.04608125399e-21
0.00918070019705 1.03000260443e-09 -6.7956342805e-10 -0.0183511664944 -6.7956342805e-22 1.03000260443e-21
0.00908433053858 1.01681868635e-09 -6.73851888781e-10 -0.0181603919999 -6.73851888781e-22 1.01681868635e-21
0.00900807721711 1.00642746306e-09 -6.69325402758e-10 -0.0180097828718 -6.69325402758e-22 1.00642746306e-21
0.00895102279451 9.98675935533e-10 -6.65939618513e-10 -0.0178974627008 -6.65939618513e-22 9.98675935533e-22
0.00891182861047 9.93362519325e-10 -6.63621174103e-10 -0.0178207148248 -6.63621174103e-22 9.93362519325e-22
0.00888876118407 9.90239752526e-10 -6.6226962961e-10 -0.0177760358178 -6.6226962961e-22 9.90239752526e-22
0.00887972550832 9.89017430617e-10 -6.61760072173e-10 -0.017759202717 -6.61760072173e-22 9.89017430617e-22
0.00888230466266 9.89366280714e-10 -6.61946265487e-10 -0.0177653528227 -6.61946265487e-22 9.89366280714e-22
0.00889380505958 9.90922291817e-10 -6.6266419825e-10 -0.0177890746983 -6.6266419825e-22 9.90922291817e-22
0.00891130654537 9.93291808391e-10 -6.63735879239e-10 -0.0178245087973 -6.63735879239e-22 9.93291808391e-22
0.00893171649142 9.96057470992e-10 -6.6497323043e-10 -0.0178654559864 -6.6497323043e-22 9.96057470992e-22
0.0089518269443 9.98785049945e-10 -6.66181942504e-10 -0.0179054920925 -6.66181942504e-22 9.98785049945e-22
0.00896837385023 1.00103116736e-09 -6.67165177509e-10 -0.0179380865029 -6.67165177509e-22 1.00103116736e-21
0.00897809733378 1.00235184146e-09 -6.67727028992e-10 -0.0179567227742 -6.67727028992e-22 1.00235184146e-21
0.00897780199281 1.00231171876e-09 -6.67675678203e-10 -0.0179550191735 -6.67675678203e-22 1.00231171876e-21
0.00896441617078 1.00049378927e-09 -6.66826213594e-10 -0.0179268470755 -6.66826213594e-22 1.00049378927e-21
0.00893504918533 9.96509312412e-10 -6.65003107764e-10 -0.0178664451748 -6.65003107764e-22 9.96509312412e-22
0.00888704552672 9.90007624577e-10 -6.620423695e-10 -0.0177685275456 -6.620423695e-22 9.90007624577e-22
0.00881803509139 9.80685457292e-10 -6.57793407439e-10 -0.0176283836852 -6.57793407439e-22 9.80685457292e-22
0.00872597858378 9.68295375675e-10 -6.52120655379e-10 -0.0174419688133 -6.52120655379e-22 9.68295375675e-22
0.00860920730216 9.52652952234e-10 -6.44905017003e-10 -0.0172059828695 -6.44905017003e-22 9.52652952234e-22
0.00846645662006 9.33642324535e-10 -6.36045189805e-10 -0.0169179368403 -6.36045189805e-22 9.33642324535e-22
0.00829689258289 9.11219845703e-10 -6.25458924554e-10 -0.0165762052661 -6.25458924554e-22 9.11219845703e-22
0.00810013115705 8.85415621143e-10 -6.13084268082e-10 -0.016180064015 -6.13084268082e-22 8.85415621143e-22
0.00787624979441 8.56332827629e-10 -5.98880824256e-10 -0.0157297126607 -5.98880824256e-22 8.56332827629e-22
0.00762579110673 8.24144824217e-10 -5.82831051148e-10 -0.0152262810674 -5.82831051148e-22 8.24144824217e-22
0.00734975857924 7.89090179362e-10 -5.64941592589e-10 -0.0146718200526 -5.64941592589e-22 7.89090179362e-22
0.0070496043892 7.51465845809e-10 -5.45244620219e-10 -0.0140692762726 -5.45244620219e-22 7.51465845809e-22
0.00672720953012 7.1161880571e-10 -5.23799138858e-10 -0.0134224517454 -5.23799138858e-22 7.1161880571e-22
0.00638485657397 6.69936576055e-10 -5.00692184751e-10 -0.0127359486872 -5.00692184751e-22 6.69936576055e-22
0.00602519552992 6.26837004313e-10 -4.76039824228e-10 -0.0120151005919 -4.76039824228e-22 6.26837004313e-22
0.00565120337613 5.82757794283e-10 -4.49987841382e-10 -0.0112658907182 -4.49987841382e-22 5.82757794283e-22
0.00526613794954 5.38146183656e-10 -4.2271198905e-10 -0.0104948593626 -4.2271198905e-22 5.38146183656e-22
0.00487348697506 4.93449151029e-10 -3.94417669779e-10 -0.00970900149088 -3.94417669779e-22 4.93449151029e-22
0.00447691309916 4.49104466639e-10 -3.65338914291e-10 -0.00891565646489 -3.65338914291e-22 4.49104466639e-22
0.00408019586083 4.05532824471e-10 -3.35736535954e-10 -0.00812239173697 -3.35736535954e-22 4.05532824471e-22
0.00368717158576 3.63131210641e-10 -3.05895361986e-10 -0.00733688248726 -3.05895361986e-22 3.63131210641e-22
0.00330167222527 3.22267580764e-10 -2.76120476168e-10 -0.00656678924975 -2.76120476168e-22 3.22267580764e-22
0.00292746417924 2.83276843118e-10 -2.46732453094e-10 -0.00581963560696 -2.46732453094e-22 2.83276843118e-22
0.00256818814339 2.46458079196e-10 -2.18061618864e-10 -0.00510268803235 -2.18061618864e-22 2.46458079196e-22
0.00222730100321 2.12072881566e-10 -1.90441434803e-10 -0.00442283992333 -1.90441434803e-22 2.12072881566e-22
0.00190802076258 1.80344652261e-10 -1.64201165164e-10 -0.00378650179596 -1.64201165164e-22 1.80344652261e-22
0.00161327544282 1.5145868316e-10 -1.3965805195e-10 -0.0031994995079 -1.3965805195e-22 1.5145868316e-22
0.00134565682058 1.25562832065e-10 -1.17109274448e-10 -0.00266698223846 -1.17109274448e-22 1.25562832065e-22
0.00110737979018 1.02768612601e-10 -9.68240122209e-11 -0.00219334178884 -9.68240122209e-23 1.02768612601e-22
0.000900248039955 8.315253057e-11 -7.90359534048e-11 -0.00178214457161 -7.90359534048e-23 8.315253057e-23
0.000725626624442 6.67575215797e-11 -6.3936591408e-11 -0.00143607744225 -6.3936591408e-23 6.67575215797e-23
0.000584421896362 5.35943724964e-11 -5.1669630811e-11 -0.00115690828904 -5.1669630811e-23 5.35943724964e-23
0.000477069136732 4.36430404096e-11 -4.23267777344e-11 -0.000945462045393 -4.23267777344e-23 4.36430404096e-23
0.000403528089904 3.68538156705e-11 -3.59451238221e-11 -0.000801612525584 -3.59451238221e-23 3.68538156705e-23
0.000363286475325 3.31483086215e-11 -3.25062510888e-11 -0.000724290214164 -3.25062510888e-23 3.31483086215e-23
0.000355371411596 3.24202716517e-11 -3.19370936112e-11 -0.000711505867303 -3.19370936112e-23 3.24202716517e-23
0.000378368553234 3.45362980732e-11 -3.41124988384e-11 -0.000760389513958 -3.41124988384e-23 3.45362980732e-23
0.000430448608892 3.93364659942e-11 -3.88593436959e-11 -0.000867244181903 -3.88593436959e-23 3.93364659942e-23
0.000509400783702 4.6635017844e-11 -4.59619855563e-11 -0.00102761342225 -4.59619855563e-23 4.6635017844e-23
0.000612672570247 5.62211834282e-11 -5.51687709882e-11 -0.0012363614705 -5.51687709882e-23 5.62211834282e-23
0.00073741520429 6.78602652622e-11 -6.61992895062e-11 -0.00148776466654 -6.61992895062e-23 6.78602652622e-23
0.000880534004757 8.12951083554e-11 -7.87520466325e-11 -0.00177561256382 -7.87520466325e-23 8.12951083554e-23
0.00103874273418 9.62480716144e-11 -9.25122395866e-11 -0.00209331699297 -9.25122395866e-23 9.62480716144e-23
0.00120862104731 1.12423603839e-10 -1.071593471e-10 -0.00243402720923 -1.071593471e-22 1.12423603839e-22
0.00138667404302 1.29511503568e-10 -1.22374288031e-10 -0.00279074914988 -1.22374288031e-22 1.29511503568e-22
0.00156939289905 1.47190909023e-10 -1.37845956631e-10 -0.00315646675802 -1.37845956631e-22 1.47190909023e-22
0.00175331555073 1.65135023109e-10 -1.53277000274e-10 -0.00352426329411 -1.53277000274e-22 1.65135023109e-22
0.00193508637446 1.83016530666e-10 -1.68388763253e-10 -0.00388744055786 -1.68388763253e-22 1.83016530666e-22
0.00211151385424 2.00513613667e-10 -1.82925373635e-10 -0.00423963397903 -1.82925373635e-22 2.00513613667e-22
0.00227962524386 2.17316418294e-10 -1.96656996028e-10 -0.00457492160721 -1.96656996028e-22 2.17316418294e-22
0.00243671728967 2.33133779893e-10 -2.09382309123e-10 -0.00488792513567 -2.09382309123e-22 2.33133779893e-22
0.0025804021461 2.47699971893e-10 -2.20930292188e-10 -0.00517390123108 -2.20930292188e-22 2.47699971893e-22
0.00270864769891 2.6078121714e-10 -2.31161418995e-10 -0.00542882160758 -2.31161418995e-22 2.6078121714e-22
0.00281981160698 2.72181687937e-10 -2.39968361765e-10 -0.00564944047675 -2.39968361765e-22 2.72181687937e-22
0.00291266848136 2.81748726904e-10 -2.47276302717e-10 -0.00583334822166 -2.47276302717e-22 2.81748726904e-22
0.00298642973788 2.89377045178e-10 -2.53042938349e-10 -0.00597901037955 -2.53042938349e-22 2.89377045178e-22
0.00304075578553 2.95011696666e-10 -2.57258243375e-10 -0.0060857912695 -2.57258243375e-22 2.95011696666e-22
0.00307576034378 2.98649684308e-10 -2.59944039159e-10 -0.00615396186498 -2.59944039159e-22 2.98649684308e-22
0.00309200681761 3.00340122412e-10 -2.61153387348e-10 -0.00618469178109 -2.61153387348e-22 3.00340122412e-22
0.00309049679461 3.00182952827e-10 -2.60969804938e-10 -0.00618002551891 -2.60969804938e-22 3.00182952827e-22
0.00307265086393 2.98326286025e-10 -2.59506273974e-10 -0.00614284337912 -2.59506273974e-22 2.98326286025e-22
0.00304028208842 2.9496250532e-10 -2.56903999078e-10 -0.00607680772004 -2.56903999078e-22 2.9496250532e-22
0.00299556258738 2.90323328292e-10 -2.53330850572e-10 -0.00598629548647 -2.53330850572e-22 2.90323328292e-22
0.00294098380512 2.8467405998e-10 -2.4897942153e-10 -0.00587631817125 -2.4897942153e-22 2.8467405998e-22
0.00287931114948 2.78307295383e-10 -2.44064624955e-10 -0.00575243058686 -2.44064624955e-22 2.78307295383e-22
0.00281353378032 2.71536333322e-10 -2.38820763325e-10 -0.00562063001656 -2.38820763325e-22 2.71536333322e-22
0.00274681041177 2.64688551086e-10 -2.33498017694e-10 -0.00548724747953 -2.33498017694e-22 2.64688551086e-22
0.00268241206031 2.58098961635e-10 -2.28358327337e-10 -0.00535883297988 -2.28358327337e-22 2.58098961635e-22
0.00262366272305 2.5210413614e-10 -2.23670662993e-10 -0.00524203671293 -2.23670662993e-22 2.5210413614e-22
0.00257387900655 2.47036628141e-10 -2.19705735768e-10 -0.00514348827172 -2.19705735768e-22 2.47036628141e-22
0.00253630974448 2.43219985904e-10 -2.16730227389e-10 -0.00506967593129 -2.16730227389e-22 2.43219985904e-22
0.00251407664287 2.40964390463e-10 -2.15000672806e-10 -0.00502682808746 -2.15000672806e-22 2.40964390463e-22
0.00251011697433 2.40562911671e-10 -2.1475716949e-10 -0.0050207988905 -2.1475716949e-22 2.40562911671e-22
0.00252712930787 2.42288336034e-10 -2.16217125067e-10 -0.00505696004228 -2.16217125067e-22 2.42288336034e-22
0.00256752320884 2.46390489824e-10 -2.19569282229e-10 -0.00514010062091 -2.19569282229e-22 2.46390489824e-22
0.0026333737763 2.53093960075e-10 -2.24968273488e-10 -0.0052743366596 -2.24968273488e-22 2.53093960075e-22
0.002726381802 2.62596104819e-10 -2.3252995565e-10 -0.00546303203975 -2.3252995565e-22 2.62596104819e-22
0.00284784023945 2.75065242142e-10 -2.42327753405e-10 -0.00570873206554 -2.42327753405e-22 2.75065242142e-22
0.00299860756363 2.90638914745e-10 -2.54390203467e-10 -0.00601311086987 -2.54390203467e-22 2.90638914745e-22
0.00317908848405 3.0942214188e-10 -2.68699837097e-10 -0.00637693356583 -2.68699837097e-22 3.0942214188e-22
0.00338922234839 3.31485592765e-10 -2.85193473206e-10 -0.00680003380525 -2.85193473206e-22 3.31485592765e-22
0.00362847944223 3.56863643839e-10 -3.03763921624e-10 -0.00728130714288 -3.03763921624e-22 3.56863643839e-22
0.0038958652555 3.85552315328e-10 -3.24263022043e-10 -0.00781872033423 -3.24263022043e-22 3.85552315328e-22
0.00418993265012 4.17507119281e-10 -3.46505874934e-10 -0.0084093364229 -3.46505874934e-22 4.17507119281e-22
0.00450880172801 4.52640889971e-10 -3.70276061643e-10 -0.00904935520306 -3.70276061643e-22 4.52640889971e-22
0.00485018706721 4.90821706665e-10 -3.95331606672e-10 -0.00973416837985 -3.95331606672e-22 4.90821706665e-22
0.00521143186748 5.31871056111e-10 -4.21411408695e-10 -0.0104584284991 -4.21411408695e-22 5.31871056111e-22
0.005589548429 5.75562415244e-10 -4.48241859411e-10 -0.0112161304821 -4.48241859411e-22 5.75562415244e-22
0.00598126427917 6.2162046076e-10 -4.75543380399e-10 -0.0120007043863 -4.75543380399e-22 6.2162046076e-22
0.00638307316586 6.69721128344e-10 -5.03036635369e-10 -0.0128051178192 -5.03036635369e-22 6.69721128344e-22
0.00679129005253 7.19492747379e-10 -5.30448215256e-10 -0.0136219862694 -5.30448215256e-22 7.19492747379e-22
0.0072021091817 7.70518464126e-10 -5.57515642178e-10 -0.0144436894817 -5.57515642178e-22 7.70518464126e-22
0.00761166422119 8.22340135438e-10 -5.83991590853e-10 -0.0152624919016 -5.83991590853e-22 8.22340135438e-22
0.00801608947153 8.74463824906e-10 -6.09647278444e-10 -0.0160706651419 -6.09647278444e-22 8.74463824906e-22
0.00841158109498 9.2636696432e-10 -6.34275022122e-10 -0.0168606103928 -6.34275022122e-22 9.2636696432e-22
0.00879445732606 9.77507157429e-10 -6.57690005274e-10 -0.0176249786955 -6.57690005274e-22 9.77507157429e-22
0.00916121664084 1.0273325044e-09 -6.79731326178e-10 -0.0183567870363 -6.79731326178e-22 1.0273325044e-21
0.00950859289727 1.07529322008e-09 -7.00262426422e-10 -0.0190495282903 -7.00262426422e-22 1.07529322008e-21
0.00983360651026 1.12085421485e-09 -7.19171010177e-10 -0.0196972731472 -7.19171010177e-22 1.12085421485e-21
0.0101336107933 1.16350821243e-09 -7.3636857043e-10 -0.0202947622906 -7.3636857043e-22 1.16350821243e-21
0.0104063326809 1.20278890324e-09 -7.51789635511e-10 -0.020837487268 -7.51789635511e-22 1.20278890324e-21
0.0106499071418 1.23828358372e-09 -7.65390840166e-10 -0.0213217586809 -7.65390840166e-22 1.23828358372e-21
0.0108629047014 1.26964471757e-09 -7.77149911483e-10 -0.0217447605431 -7.77149911483e-22 1.26964471757e-21
0.0110443516092 1.29659987786e-09 -7.87064642757e-10 -0.0221045898896 -7.87064642757e-22 1.29659987786e-21
0.0111937423124 1.31895959093e-09 -7.95151909052e-10 -0.0224002809728 -7.95151909052e-22 1.31895959093e-21
0.0113110440295 1.33662269948e-09 -8.01446758123e-10 -0.0226318136439 -8.01446758123e-22 1.33662269948e-21
0.0113966933509 1.34957898728e-09 -8.06001590285e-10 -0.0228001057889 -8.06001590285e-22 1.34957898728e-21
0.0114515849317 1.3579089517e-09 -8.08885421775e-10 -0.0229069899614 -8.08885421775e-22 1.3579089517e-21
0.0114770524757 1.36178076106e-09 -8.10183208652e-10 -0.0229551746226 -8.10183208652e-22 1.36178076106e-21
0.0114748423409 1.3614445793e-09 -8.0999519311e-10 -0.0229481906646 -8.0999519311e-22 1.3614445793e-21
0.0114470802259 1.35722456932e-09 -8.08436221702e-10 -0.0228903241421 -8.08436221702e-22 1.35722456932e-21
0.0113962315095 1.34950898917e-09 -8.05634976087e-10 -0.0227865363736 -8.05634976087e-22 1.34950898917e-21
0.0113250559295 1.33873886454e-09 -8.01733051974e-10 -0.0226423727908 -8.01733051974e-22 1.33873886454e-21
0.0112365573801 1.32539575462e-09 -7.96883821564e-10 -0.0224638621042 -7.96883821564e-22 1.32539575462e-21
0.0111339296913 1.30998912586e-09 -7.91251019359e-10 -0.0222574075192 -7.91251019359e-22 1.30998912586e-21
0.0110204993228 1.29304381331e-09 -7.85007001028e-10 -0.0220296718749 -7.85007001028e-22 1.29304381331e-21
0.010899665957 1.27508798762e-09 -7.78330640059e-10 -0.0217874586751 -7.78330640059e-22 1.27508798762e-21
0.0107748420109 1.25664196635e-09 -7.71404846836e-10 -0.0215375910596 -7.71404846836e-22 1.25664196635e-21
0.010649392106 1.23820811709e-09 -7.64413718871e-10 -0.0212867907891 -7.64413718871e-22 1.23820811709e-21
0.0105265735353 1.22026200785e-09 -7.57539357816e-10 -0.0210415593246 -7.57539357816e-22 1.22026200785e-21
0.0104094787481 1.20324487184e-09 -7.50958417089e-10 -0.0208080630397 -7.50958417089e-22 1.20324487184e-21
0.0103009808407 1.18755737687e-09 -7.44838471221e-10 -0.0205920245366 -7.44838471221e-22 1.18755737687e-21
0.0102036829875 1.17355462704e-09 -7.39334322295e-10 -0.0203986219293 -7.39334322295e-22 1.17355462704e-21
0.0101198726793 1.1615422789e-09 -7.34584377587e-10 -0.0202323978227 -7.34584377587e-22 1.1615422789e-21
0.0100514815552 1.1517736267e-09 -7.30707243815e-10 -0.0200971795485 -7.30707243815e-22 1.1517736267e-21
0.0100000515156 1.14444750101e-09 -7.27798685545e-10 -0.0199960120241 -7.27798685545e-22 1.14444750101e-21
0.00996670769805 1.13970683007e-09 -7.25929087377e-10 -0.0199311043893 -7.25929087377e-22 1.13970683007e-21
0.00995213877909 1.13763773231e-09 -7.25141541545e-10 -0.0199037913321 -7.25141541545e-22 1.13763773231e-21
0.0099565849401 1.13826903756e-09 -7.25450655428e-10 -0.0199145097693 -7.25450655428e-22 1.13826903756e-21
0.00997983370314 1.14157217164e-09 -7.26842138927e-10 -0.0199627912803 -7.26842138927e-22 1.14157217164e-21
0.0100212237082 1.14746138103e-09 -7.29273192484e-10 -0.0200472704246 -7.29273192484e-22 1.14746138103e-21
0.0100796563674 1.15579431716e-09 -7.32673675593e-10 -0.0201657087988 -7.32673675593e-22 1.15579431716e-21
0.010153615195 1.16637304226e-09 -7.36947996444e-10 -0.0203150344228 -7.36947996444e-22 1.16637304226e-21
0.0102411924837 1.1789455552e-09 -7.41977628793e-10 -0.0204913957765 -7.41977628793e-22 1.1789455552e-21
0.0103401228678 1.19320796566e-09 -7.47624134964e-10 -0.0206902295631 -7.47624134964e-22 1.19320796566e-21
0.010447823198 1.20880746365e-09 -7.53732555861e-10 -0.0209063410349 -7.53732555861e-22 1.20880746365e-21
0.0105614380446 1.22534623685e-09 -7.60135020856e-10 -0.0211339955039 -7.60135020856e-22 1.22534623685e-21
0.0106778900477 1.24238647865e-09 -7.66654432528e-10 -0.0213670194685 -7.66654432528e-22 1.24238647865e-21
0.0107939342511 1.25945660235e-09 -7.73108092382e-10 -0.0215989096195 -7.73108092382e-22 1.25945660235e-21
0.010906215487 1.27605873269e-09 -7.79311152397e-10 -0.0218229478573 -7.79311152397e-22 1.27605873269e-21
0.0110113278277 1.29167748438e-09 -7.85079801382e-10 -0.0220323203445 -7.85079801382e-22 1.29167748438e-21
0.0111058750826 1.30578996143e-09 -7.90234122359e-10 -0.0222202385518 -7.90234122359e-22 1.30578996143e-21
0.0111865313042 1.31787682438e-09 -7.94600585281e-10 -0.0223800602187 -7.94600585281e-22 1.31787682438e-21
0.0112501002606 1.32743418172e-09 -7.9801416632e-10 -0.0225054081522 -7.9801416632e-22 1.32743418172e-21
0.011293572857 1.33398597215e-09 -8.00320108943e-10 -0.0225902848227 -8.00320108943e-22 1.33398597215e-21
0.0113141815166 1.33709642591e-09 -8.0137536192e-10 -0.0226291807878 -8.0137536192e-22 1.33709642591e-21
0.0113094505866 1.3363821327e-09 -8.01049744457e-10 -0.0226171750799 -8.01049744457e-22 1.3363821327e-21
0.0112772419029 1.33152320927e-09 -7.99226898415e-10 -0.022550025831 -7.99226898415e-22 1.33152320927e-21
0.0112157947288 1.32227305735e-09 -7.95805092172e-10 -0.0224242495733 -7.95805092172e-22 1.32227305735e-21
0.0111237593776 1.30846623524e-09 -7.90697940255e-10 -0.0222371878494 -7.90697940255e-22 1.30846623524e-21
0.0110002239411 1.29002403493e-09 -7.83835097912e-10 -0.0219870599806 -7.83835097912e-22 1.29002403493e-21
0.0108447336583 1.26695745799e-09 -7.75162980766e-10 -0.0216730010795 -7.75162980766e-22 1.26695745799e-21
0.0106573025895 1.23936741016e-09 -7.64645547243e-10 -0.0212950846457 -7.64645547243e-22 1.23936741016e-21
0.0104384173881 1.20744207852e-09 -7.52265166054e-10 -0.0208543293447 -7.52265166054e-22 1.20744207852e-21
0.0101890331003 1.17145160392e-09 -7.38023573349e-10 -0.020352689842 -7.38023573349e-22 1.17145160392e-21
0.00991056105909 1.13174030318e-09 -7.21942904792e-10 -0.0197930318373 -7.21942904792e-22 1.13174030318e-21
0.0096048490705 1.08871681918e-09 -7.04066767483e-10 -0.0191790917118 -7.04066767483e-22 1.08871681918e-21
0.00927415422769 1.04284267282e-09 -6.84461296214e-10 -0.018515421466 -6.84461296214e-22 1.04284267282e-21
0.00892110880866 9.94619751483e-10 -6.63216118961e-10 -0.017807319877 -6.63216118961e-22 9.94619751483e-22
0.00854867983546 9.44577291959e-10 -6.40445139039e-10 -0.0170607510388 -6.40445139039e-22 9.44577291959e-22
0.0081601229793 8.93258901731e-10 -6.16287027232e-10 -0.0162822516645 -6.16287027232e-22 8.93258901731e-22
0.00775893159315 8.4121011451e-10 -5.90905308142e-10 -0.0154788287242 -5.90905308142e-22 8.4121011451e-22
0.00734878173656 7.88966901438e-10 -5.64487922312e-10 -0.0146578491527 -5.64487922312e-22 7.88966901438e-22
0.00693347412597 7.37045465793e-10 -5.37246151035e-10 -0.0138269235012 -5.37246151035e-22 7.37045465793e-22
0.00651687399631 6.85933545858e-10 -5.09412805113e-10 -0.0129937855087 -5.09412805113e-22 6.85933545858e-22
0.00610284989521 6.3608334637e-10 -4.8123960302e-10 -0.0121661696374 -4.8123960302e-22 6.3608334637e-22
0.00569521244966 5.87906121279e-10 -4.52993697787e-10 -0.0113516886536 -4.52993697787e-22 5.87906121279e-22
0.00529765414494 5.41768345462e-10 -4.24953354587e-10 -0.0105577133323 -4.24953354587e-22 5.41768345462e-22
0.00491369113885 4.97989344592e-10 -3.97402830543e-10 -0.00979125632972 -3.97402830543e-22 4.97989344592e-22
0.00454660809879 4.56840202578e-10 -3.70626561744e-10 -0.00905886219395 -3.70626561744e-22 4.56840202578e-22
0.00419940699812 4.185437353e-10 -3.44902816096e-10 -0.00836650538117 -3.44902816096e-22 4.185437353e-22
0.00387476073999 3.8327530653e-10 -3.20497020027e-10 -0.0077194980067 -3.20497020027e-22 3.8327530653e-22
0.00357497239457 3.51164264866e-10 -2.97655007602e-10 -0.00712240889393 -2.97655007602e-22 3.51164264866e-22
0.00330194073948 3.22295796403e-10 -2.76596468005e-10 -0.00657899529086 -2.76596468005e-22 3.22295796403e-22
0.0030571326853 2.96713013678e-10 -2.57508878058e-10 -0.0060921484074 -2.57508878058e-22 2.96713013678e-22
0.00284156305055 2.74419134163e-10 -2.40542198325e-10 -0.00566385369015 -2.40542198325e-22 2.74419134163e-22
0.00265578202449 2.55379638508e-10 -2.25804583794e-10 -0.00529516649928 -2.25804583794e-22 2.55379638508e-22
0.00249987052508 2.39524337331e-10 -2.133593145e-10 -0.00498620358894 -2.133593145e-22 2.39524337331e-22
0.00237344352379 2.26749313695e-10 -2.03223090863e-10 -0.00473615052209 -2.03223090863e-22 2.26749313695e-22
0.00227566127351 2.16918744614e-10 -1.95365767612e-10 -0.00454328487855 -1.95365767612e-22 2.16918744614e-22
0.00220524824002 2.09866637743e-10 -1.89711524654e-10 -0.00440501484471 -1.89711524654e-22 2.09866637743e-22
0.00216051940616 2.05398547347e-10 -1.86141399267e-10 -0.00431793251068 -1.86141399267e-22 2.05398547347e-22
0.00213941349172 2.03293355785e-10 -1.8449703741e-10 -0.0042778809491 -1.8449703741e-22 2.03293355785e-22
0.00213953251388 2.03305221913e-10 -1.84585467717e-10 -0.00428003391435 -1.84585467717e-22 2.03305221913e-22
0.00215818700464 2.05165805107e-10 -1.86184663571e-10 -0.00431898678526 -1.86184663571e-22 2.05165805107e-22
0.00219244610523 2.08586872226e-10 -1.89049638302e-10 -0.00438885718244 -1.89049638302e-22 2.08586872226e-22
0.00223919167391 2.13263384167e-10 -1.92918816385e-10 -0.00448339352591 -1.92918816385e-22 2.13263384167e-22
0.0022951754754 2.18877138523e-10 -1.97520437817e-10 -0.00459608966366 -1.97520437817e-22 2.18877138523e-22
0.00235707846743 2.25101015546e-10 -2.02578781072e-10 -0.00472030359767 -2.02578781072e-22 2.25101015546e-22
0.00242157116429 2.31603837063e-10 -2.07820028241e-10 -0.00484937826483 -2.07820028241e-22 2.31603837063e-22
0.00248537403902 2.38055803943e-10 -2.12977640256e-10 -0.00497676229499 -2.12977640256e-22 2.38055803943e-22
0.0025453169255 2.44134429636e-10 -2.17797156242e-10 -0.00509612866944 -2.17797156242e-22 2.44134429636e-22
0.00259839639892 2.49530838493e-10 -2.22040375349e-10 -0.00520148923934 -2.22040375349e-22 2.49530838493e-22
0.00264183014801 2.53956251736e-10 -2.25488918962e-10 -0.00528730313519 -2.25488918962e-22 2.53956251736e-22
0.00267310740417 2.57148445257e-10 -2.27947203584e-10 -0.00534857720296 -2.27947203584e-22 2.57148445257e-22
0.00269003456018 2.5887793574e-10 -2.29244878642e-10 -0.00538095674001 -2.29244878642e-22 2.5887793574e-22
0.00269077519394 2.58953638423e-10 -2.29238798367e-10 -0.00538080496991 -2.29238798367e-22 2.58953638423e-22
0.00267388380853 2.57227743478e-10 -2.27814602797e-10 -0.00534526988869 -2.27814602797e-22 2.57227743478e-22
0.00263833270773 2.53599579626e-10 -2.24887980489e-10 -0.00527233733177 -2.24887980489e-22 2.53599579626e-22
0.00258353154384 2.48018272583e-10 -2.20405675701e-10 -0.00516086934682 -2.20405675701e-22 2.48018272583e-22
0.00250933920031 2.40484060044e-10 -2.14346286929e-10 -0.00501062721007 -2.14346286929e-22 2.40484060044e-22
0.00241606780314 2.31048190329e-10 -2.06720883157e-10 -0.00482227868676 -2.06720883157e-22 2.31048190329e-22
0.00230447878989 2.19811403564e-10 -1.97573440659e-10 -0.00459738940659 -1.97573440659e-22 2.19811403564e-22
0.00217577110144 2.06921066613e-10 -1.86981078293e-10 -0.00433839849741 -1.86981078293e-22 2.06921066613e-22
0.00203156169668 1.9256710013e-10 -1.75054044657e-10 -0.00404857889037 -1.75054044657e-22 1.9256710013e-22
0.00187385872187 1.7697689284e-10 -1.61935388161e-10 -0.00373198297257 -1.61935388161e-22 1.7697689284e-22
0.00170502779247 1.60409440252e-10 -1.47800222736e-10 -0.00339337451447 -1.47800222736e-22 1.60409440252e-22
0.00152775196351 1.43148969803e-10 -1.32854489465e-10 -0.00303814803501 -1.32854489465e-22 1.43148969803e-22
0.00134498607252 1.25498320956e-10 -1.17333109762e-10 -0.00267223698259 -1.17333109762e-22 1.25498320956e-22
0.001159906236 1.07772337647e-10 -1.01497430244e-10 -0.00230201230244 -1.01497430244e-22 1.07772337647e-22
0.000975855363427 9.02915039942e-11 -8.5631874548e-11 -0.00193417312553 -8.5631874548e-23 9.02915039942e-23
0.000796285621221 7.33760155404e-11 -7.00397435388e-11 -0.00157563145001 -7.00397435388e-23 7.33760155404e-23
0.000624698831791 5.73404315422e-11 -5.50381425335e-11 -0.00123339278936 -5.50381425335e-23 5.73404315422e-23
0.000464585828131 4.24890031714e-11 -4.09520611907e-11 -0.000914434830931 -4.09520611907e-23 4.24890031714e-23
0.00031936580283 2.91117218869e-11 -2.81076863731e-11 -0.000625586183565 -2.81076863731e-23 2.91117218869e-23
0.000192326690644 1.74810851899e-11 -1.68250872189e-11 -0.000373407291611 -1.68250872189e-23 1.74810851899e-23
8.65676064344e-05 7.84953614645e-12 -7.41047055192e-12 -0.000164075556529 -7.41047055192e-24 7.84953614645e-24
4.94432536318e-06 4.47500315778e-13 -1.48258562462e-13 -3.27663567924e-06 -1.48258562462e-25 4.47500315778e-25
-4.99812594751e-05 -4.51807994244e-12 4.7067159161e-12 0.000103896217145 4.7067159161e-24 -4.51807994244e-24
-7.59868346249e-05 -6.86482812251e-12 6.93657330429e-12 0.000153033041934 6.93657330429e-24 -6.86482812251e-24
-7.12297342608e-05 -6.43575280159e-12 6.36697887058e-12 0.000140486732485 6.36697887058e-24 -6.43575280159e-24
-3.42806898779e-05 -3.09992001453e-12 2.872644697e-12 6.34398986303e-05 2.872644697e-24 -3.09992001453e-24
3.58493192108e-05 3.24691504678e-12 -3.61853798834e-12 -8.00421202597e-05 -3.61853798834e-24 3.24691504678e-24
0.000139689577684 1.2681627505e-11 -1.31229570601e-11 -0.000290973004968 -1.31229570601e-23 1.2681627505e-23
0.000277297845731 2.52529258108e-11 -2.56004721589e-11 -0.00056942263174 -2.56004721589e-23 2.52529258108e-23
0.000448256476199 4.0980396703e-11 -4.09553960573e-11 -0.000914510072189 -4.09553960573e-23 4.0980396703e-23
0.00065167650827 5.98533797062e-11 -5.90392240888e-11 -0.00132441254653 -5.90392240888e-23 5.98533797062e-23
0.000886209672324 8.18296900809e-11 -7.96549783901e-11 -0.00179639018638 -7.96549783901e-23 8.18296900809e-23
0.00115006810553 1.06834241522e-10 -1.02562950934e-10 -0.00232682619331 -1.02562950934e-22 1.06834241522e-22
0.001441051446 1.34757652105e-10 -1.27487562874e-10 -0.00291128171649 -1.27487562874e-22 1.34757652105e-22
0.0017565808473 1.65454947556e-10 -1.54125012361e-10 -0.00354456452107 -1.54125012361e-22 1.65454947556e-22
0.00209373933692 1.98744503138e-10 -1.82151361342e-10 -0.00422081028378 -1.82151361342e-22 1.98744503138e-22
0.002449317834 2.34407387336e-10 -2.11230714138e-10 -0.00493357513634 -2.11230714138e-22 2.34407387336e-22
0.00281986604486 2.72187284901e-10 -2.41023164952e-10 -0.00567593788511 -2.41023164952e-22 2.72187284901e-22
0.00320174737183 3.11791181357e-10 -2.71192234009e-10 -0.00644061017064 -2.71192234009e-22 3.11791181357e-22
0.00359119690202 3.5289098378e-10 -3.01411567906e-10 -0.00722005269474 -3.01411567906e-22 3.5289098378e-22
0.00398438149061 3.9512623163e-10 -3.31370743167e-10 -0.00800659553964 -3.31370743167e-22 3.9512623163e-22
0.00437746091705 4.38108015834e-10 -3.60780077521e-10 -0.00879256053381 -3.60780077521e-22 4.38108015834e-22
0.00476664907482 4.81424173996e-10 -3.8937441591e-10 -0.00957038358454 -3.8937441591e-22 4.81424173996e-22
0.0051482741546 5.2464576606e-10 -4.1691591371e-10 -0.0103327348979 -4.1691591371e-22 5.2464576606e-22
0.00551883679824 5.67334760585e-10 -4.4319588529e-10 -0.0110726350435 -4.4319588529e-22 5.67334760585e-22
0.0058750652357 6.09052781437e-10 -4.68035820093e-10 -0.0117835648923 -4.68035820093e-22 6.09052781437e-22
0.00621396646885 6.4937068358e-10 -4.91287690634e-10 -0.0124595675613 -4.91287690634e-22 6.4937068358e-22
0.0065328726338 6.87878651504e-10 -5.12833687476e-10 -0.0130953406351 -5.12833687476e-22 6.87878651504e-22
0.00682948175587 7.24196451252e-10 -5.32585516772e-10 -0.0136863171027 -5.32585516772e-22 7.24196451252e-22
0.0071018922075 7.57983423817e-10 -5.50483387819e-10 -0.0142287336373 -5.50483387819e-22 7.57983423817e-22
0.00734863028709 7.88947788945e-10 -5.66494803347e-10 -0.0147196850691 -5.66494803347e-22 7.88947788945e-22
0.00756867045456 8.16854837787e-10 -5.80613245739e-10 -0.0151571641317 -5.80613245739e-22 8.16854837787e-22
0.00776144788498 8.41533631288e-10 -5.92856829876e-10 -0.0155400858188 -5.92856829876e-22 8.41533631288e-22
0.00792686313329 8.6288188704e-10 -6.03266969537e-10 -0.0158682959496 -6.03266969537e-22 8.6288188704e-22
0.00806527883797 8.80868826035e-10 -6.11907080499e-10 -0.0161425638117 -6.11907080499e-22 8.80868826035e-22
0.00817750852769 8.95535855717e-10 -6.18861321009e-10 -0.0163645590228 -6.18861321009e-22 8.95535855717e-22
0.00826479773026 9.06995078333e-10 -6.24233350054e-10 -0.0165368130222 -6.24233350054e-22 9.06995078333e-22
0.00832879771472 9.15425724952e-10 -6.2814506677e-10 -0.0166626658665 -6.2814506677e-22 9.15425724952e-22
0.0083715323235 9.21068716555e-10 -6.30735281108e-10 -0.016746199256 -6.30735281108e-22 9.21068716555e-22
0.0083953584697 9.24219636948e-10 -6.32158257273e-10 -0.0167921569511 -6.32158257273e-22 9.24219636948e-22
0.00840292098295 9.25220462012e-10 -6.32582067989e-10 -0.0168058539569 -6.32582067989e-22 9.25220462012e-22
0.00839710258389 9.24450423113e-10 -6.32186699819e-10 -0.016793076044 -6.32186699819e-22 9.24450423113e-22
0.00838096985056 9.22316388596e-10 -6.31161857822e-10 -0.0167599713397 -6.31161857822e-22 9.22316388596e-22
0.00835771610847 9.19243128282e-10 -6.29704431829e-10 -0.0167129358593 -6.29704431829e-22 9.19243128282e-22
0.00833060222873 9.15663785645e-10 -6.28015606069e-10 -0.0166584949495 -6.28015606069e-22 9.15663785645e-22
0.00830289635418 9.12010826357e-10 -6.26297618219e-10 -0.0166031826877 -6.26297618219e-22 9.12010826357e-22
0.00827781359181 9.08707666106e-10 -6.24750201655e-10 -0.0165534213133 -6.24750201655e-22 9.08707666106e-22
0.00825845670997 9.06161111341e-10 -6.23566774304e-10 -0.0165154027685 -6.23566774304e-22 9.06161111341e-22
0.00824775886186 9.04754679365e-10 -6.22930466602e-10 -0.0164949743881 -6.22930466602e-22 9.04754679365e-22
0.00824842932157 9.04842803823e-10 -6.23010107489e-10 -0.0164975307071 -6.23010107489e-22 9.04842803823e-22
0.00826290316768 9.0674588159e-10 -6.23956308377e-10 -0.0165279132503 -6.23956308377e-22 9.0674588159e-22
0.00829329578119 9.10746079709e-10 -6.25897798429e-10 -0.01659032003 -6.25897798429e-22 9.10746079709e-22
0.00834136294237 9.1708379753e-10 -6.28938168309e-10 -0.0166882263132 -6.28938168309e-22 9.1708379753e-22
0.00840846721514 9.25954669608e-10 -6.33153172591e-10 -0.0168243180239 -6.33153172591e-22 9.25954669608e-22
0.00849555119933 9.37506998623e-10 -6.38588723043e-10 -0.0170004389323 -6.38588723043e-22 9.37506998623e-22
0.0086031181141 9.51839523165e-10 -6.45259676674e-10 -0.017217552545 -6.45259676674e-22 9.51839523165e-22
0.0087312200497 9.68999450977e-10 -6.53149485639e-10 -0.0174757193575 -6.53149485639e-22 9.68999450977e-22
0.00887945409326 9.88980722049e-10 -6.62210733395e-10 -0.0177740898686 -6.62210733395e-22 9.88980722049e-22
0.00904696639985 1.01172250545e-09 -6.72366536318e-10 -0.0181109134849 -6.72366536318e-22 1.01172250545e-21
0.00923246414312 1.03710797641e-09 -6.83512745859e-10 -0.0184835631726 -6.83512745859e-22 1.03710797641e-21
0.00943423514545 1.06496346325e-09 -6.9552084683e-10 -0.0188885754423 -6.9552084683e-22 1.06496346325e-21
0.00965017485536 1.09505809413e-09 -7.08241415576e-10 -0.0193217049894 -7.08241415576e-22 1.09505809413e-21
0.00987782021435 1.12710410825e-09 -7.21507979911e-10 -0.0197779930651 -7.21507979911e-22 1.12710410825e-21
0.0101143898368 1.16075802151e-09 -7.35141112058e-10 -0.0202518484111 -7.35141112058e-22 1.16075802151e-21
0.0103568298185 1.19562284974e-09 -7.48952586583e-10 -0.0207371393826 -7.48952586583e-22 1.19562284974e-21
0.0106018643933 1.23125158984e-09 -7.62749446701e-10 -0.0212272956861 -7.62749446701e-22 1.23125158984e-21
0.0108460505722 1.26715213808e-09 -7.76337842559e-10 -0.0217154179981 -7.76337842559e-22 1.26715213808e-21
0.0110858358344 1.30279378403e-09 -7.8952653202e-10 -0.0221943935923 -7.8952653202e-22 1.30279378403e-21
0.0113176178823 1.33761535691e-09 -8.02129965287e-10 -0.0226570160009 -8.02129965287e-22 1.33761535691e-21
0.0115378054422 1.37103502066e-09 -8.13970906971e-10 -0.0230961066659 -8.13970906971e-22 1.37103502066e-21
0.0117428790701 1.40246161709e-09 -8.24882580377e-10 -0.0235046365012 -8.24882580377e-22 1.40246161709e-21
0.0119294509238 1.43130734948e-09 -8.34710346934e-10 -0.023875845288 -8.34710346934e-22 1.43130734948e-21
0.0120943224789 1.45700148799e-09 -8.43312957343e-10 -0.0242033568608 -8.43312957343e-22 1.45700148799e-21
0.0122345392017 1.4790046733e-09 -8.50563429253e-10 -0.0244812881152 -8.50563429253e-22 1.4790046733e-21
0.0123474412442 1.49682330485e-09 -8.56349618708e-10 -0.0247043499721 -8.56349618708e-22 1.49682330485e-21
0.0124307092926 1.51002343524e-09 -8.60574559261e-10 -0.0248679385694 -8.60574559261e-22 1.51002343524e-21
0.0124824047847 1.51824356093e-09 -8.63156643972e-10 -0.0249682151214 -8.63156643972e-22 1.51824356093e-21
0.0125010038077 1.52120570732e-09 -8.64029722019e-10 -0.0250021730764 -8.64029722019e-22 1.52120570732e-21
0.0124854240942 1.51872425739e-09 -8.63143174114e-10 -0.0249676914219 -8.63143174114e-22 1.51872425739e-21
0.0124350446549 1.51071206492e-09 -8.60462020052e-10 -0.0248635732224 -8.60462020052e-22 1.51071206492e-21
0.0123497177076 1.49718352206e-09 -8.55967098247e-10 -0.0246895687262 -8.55967098247e-22 1.49718352206e-21
0.0122297726997 1.47825440659e-09 -8.49655341642e-10 -0.0244463826434 -8.49655341642e-22 1.47825440659e-21
0.0120760123499 1.45413850479e-09 -8.41540157616e-10 -0.024135665464 -8.41540157616e-22 1.45413850479e-21
0.0118897007764 1.4251411783e-09 -8.31651901869e-10 -0.023759988961 -8.31651901869e-22 1.4251411783e-21
0.0116725439116 1.39165020242e-09 -8.20038418538e-10 -0.0233228062907 -8.20038418538e-22 1.39165020242e-21
0.0114266625336 1.35412433749e-09 -8.0676560141e-10 -0.022828397368 -8.0676560141e-22 1.35412433749e-21
0.0111545583747 1.31308019353e-09 -7.91917914979e-10 -0.0222818004423 -7.91917914979e-22 1.31308019353e-21
0.0108590738819 1.26907800566e-09 -7.75598799997e-10 -0.0216887310399 -7.75598799997e-22 1.26907800566e-21
0.0105433463139 1.22270695099e-09 -7.57930877132e-10 -0.0210554896498 -7.57930877132e-22 1.22270695099e-21
0.0102107569565 1.17457060987e-09 -7.39055855445e-10 -0.0203888597252 -7.39055855445e-22 1.17457060987e-21
0.00986487632001 1.12527311034e-09 -7.19134050744e-10 -0.0196959977362 -7.19134050744e-22 1.12527311034e-21
0.00950940625246 1.07540640341e-09 -6.98343423503e-10 -0.0189843171462 -6.98343423503e-22 1.07540640341e-21
0.00914811995362 1.02553900751e-09 -6.76878057754e-10 -0.018261368287 -6.76878057754e-22 1.02553900751e-21
0.00878480091107 9.76206444118e-10 -6.54946021601e-10 -0.0175347161767 -6.54946021601e-22 9.76206444118e-22
0.00842318179804 9.2790347227e-10 -6.32766576697e-10 -0.0168118183625 -6.32766576697e-22 9.2790347227e-22
0.00806688437258 8.81078124796e-10 -6.10566737345e-10 -0.0160999048641 -6.10566737345e-22 8.81078124796e-22
0.00771936140078 8.36127461117e-10 -5.88577218426e-10 -0.0154058622634 -5.88577218426e-22 8.36127461117e-22
0.00738384159167 7.93394882304e-10 -5.67027852715e-10 -0.0147361239099 -5.67027852715e-22 7.93394882304e-22
0.00706327847976 7.53168806677e-10 -5.46142599607e-10 -0.0140965681077 -5.46142599607e-22 7.53168806677e-22
0.00676030412367 7.15682477577e-10 -5.26134305272e-10 -0.0134924260156 -5.26134305272e-22 7.15682477577e-22
0.00647718840629 6.81114667628e-10 -5.07199405526e-10 -0.01292820082 -5.07199405526e-22 6.81114667628e-22
0.00621580462634 6.49591052951e-10 -4.89512783774e-10 -0.0124075995535 -4.89512783774e-22 6.49591052951e-22
0.00597760196324 6.2118605321e-10 -4.73223004754e-10 -0.0119334787089 -4.73223004754e-22 6.2118605321e-22
0.0057635852794 5.95924965569e-10 -4.58448138753e-10 -0.0115078045682 -4.58448138753e-22 5.95924965569e-22
0.00557430259839 5.73786259259e-10 -4.45272370085e-10 -0.0111316289084 -4.45272370085e-22 5.73786259259e-22
0.00540984046617 5.54703939332e-10 -4.33743548965e-10 -0.0108050804877 -4.33743548965e-22 5.54703939332e-22
0.0052698272673 5.3856993069e-10 -4.23871799761e-10 -0.010527372442 -4.23871799761e-22 5.3856993069e-22
0.00515344443216 5.25236474039e-10 -4.15629244612e-10 -0.0102968254501 -4.15629244612e-22 5.25236474039e-22
0.00505944533572 5.1451856215e-10 -4.08950843744e-10 -0.0101109062571 -4.08950843744e-22 5.1451856215e-22
0.00498618155716 5.06196475773e-10 -4.03736297273e-10 -0.00996628088155 -4.03736297273e-22 5.06196475773e-22
0.00493163604335 5.00018502253e-10 -3.99852902254e-10 -0.00985888157964 -3.99852902254e-22 5.00018502253e-22
0.00489346260106 4.95703934951e-10 -3.9713921708e-10 -0.00978398640744 -3.9713921708e-22 4.95703934951e-22
0.00486903103457 4.92946456866e-10 -3.95409355789e-10 -0.00973631000253 -3.95409355789e-22 4.92946456866e-22
0.00485547714864 4.91418006521e-10 -3.94457718991e-10 -0.0097101040175 -3.94457718991e-22 4.91418006521e-22
0.00484975675357 4.90773207836e-10 -3.94063966083e-10 -0.00969926547095 -3.94063966083e-22 4.90773207836e-22
0.00484870274058 4.90654418482e-10 -3.93998044177e-10 -0.00969745114683 -3.93998044177e-22 4.90654418482e-22
0.00484908424325 4.90697413935e-10 -3.94025110623e-10 -0.00969819606934 -3.94025110623e-22 4.90697413935e-22
0.00484766686513 4.90537678785e-10 -3.93910215413e-10 -0.00969503401078 -3.93910215413e-22 4.90537678785e-22
0.00484127293532 4.89817225403e-10 -3.93422643922e-10 -0.00968161795545 -3.93422643922e-22 4.89817225403e-22
0.00482684075348 4.88191806196e-10 -3.9233985634e-10 -0.00965183844293 -3.9233985634e-22 4.88191806196e-22
0.00480148180307 4.85338333563e-10 -3.90450994787e-10 -0.00959993775115 -3.90450994787e-22 4.85338333563e-22
0.00476253494639 4.80962275917e-10 -3.87559960169e-10 -0.00952061795046 -3.87559960169e-22 4.80962275917e-22
0.00470761666689 4.74804763261e-10 -3.83488086432e-10 -0.00940914096526 -3.83488086432e-22 4.74804763261e-22
0.00463466649163 4.6664911622e-10 -3.7807645889e-10 -0.00926141891655 -3.7807645889e-22 4.6664911622e-22
0.00454198680976 4.563265111e-10 -3.71187934988e-10 -0.00907409318532 -3.71187934988e-22 4.563265111e-22
0.00442827639856 4.43720512621e-10 -3.62708930266e-10 -0.00884460082994 -3.62708930266e-22 4.43720512621e-22
0.00429265707645 4.28770245204e-10 -3.5255102957e-10 -0.00857122720736 -3.5255102957e-22 4.28770245204e-22
0.00413469302033 4.1147203146e-10 -3.40652474373e-10 -0.0082531438841 -3.40652474373e-22 4.1147203146e-22
0.00395440240989 3.9187939891e-10 -3.26979562296e-10 -0.00789043117537 -3.26979562296e-22 3.9187939891e-22
0.00375226119343 3.7010143764e-10 -3.11527975465e-10 -0.00748408491352 -3.11527975465e-22 3.7010143764e-22
0.00352919890423 3.46299576202e-10 -2.94324031481e-10 -0.00703600731768 -2.94324031481e-22 3.46299576202e-22
0.00328658659315 3.20682923738e-10 -2.75425825698e-10 -0.00654898210843 -2.75425825698e-22 3.20682923738e-22
0.00302621707793 2.93502396614e-10 -2.54924207745e-10 -0.00602663428161 -2.54924207745e-22 2.93502396614e-22
0.00275027784137 2.65043902406e-10 -2.32943510381e-10 -0.00547337521811 -2.32943510381e-22 2.65043902406e-22
0.00246131703666 2.35620889007e-10 -2.0964192671e-10 -0.00489433405778 -2.0964192671e-22 2.35620889007e-22
0.00216220317627 2.05566580181e-10 -1.85211414385e-10 -0.00429527650111 -1.85211414385e-22 2.05566580181e-22
0.00185607918896 1.75226211072e-10 -1.59876994921e-10 -0.00368251241795 -1.59876994921e-22 1.75226211072e-22
0.00154631162615 1.44949550284e-10 -1.33895314499e-10 -0.00306279383439 -1.33895314499e-22 1.44949550284e-22
0.00123643588237 1.15083952479e-10 -1.07552341593e-10 -0.00244320503412 -1.07552341593e-22 1.15083952479e-22
0.000930098362387 8.59681318622e-11 -8.11600977383e-11 -0.00183104664597 -8.11600977383e-23 8.59681318622e-23
0.000630996580749 5.79267871907e-11 -5.50523514172e-11 -0.00123371569284 -5.50523514172e-23 5.79267871907e-23
0.00034281821465 3.12661482449e-11 -2.95792511164e-11 -0.000658583646549 -2.95792511164e-23 3.12661482449e-23
6.91801494164e-05 6.27045616385e-12 -5.10093057295e-12 -0.000112874568261 -5.10093057295e-24 6.27045616385e-24
-0.000186431443749 -1.68006606301e-11 1.80198156988e-11 0.000396454587244 1.80198156988e-23 -1.68006606301e-23
-0.000420718975498 -3.7713994697e-11 3.94256194087e-11 0.000862829461362 3.94256194087e-23 -3.7713994697e-23
-0.000630628264166 -5.62638626951e-11 5.8773152906e-11 0.00128016760495 5.8773152906e-23 -5.62638626951e-23
-0.000813399384079 -7.2272633899e-11 7.57419750586e-11 0.00164297974964 7.57419750586e-23 -7.2272633899e-23
-0.000966612668472 -8.55908239663e-11 9.0043265018e-11 0.00194646130863 9.0043265018e-23 -8.55908239663e-23
-0.00108822908178 -9.60968934873e-11 1.01428071476e-10 0.00218657254525 1.01428071476e-22 -9.60968934873e-23
-0.00117662427213 -1.03696882282e-10 1.09694699474e-10 0.00236010604059 1.09694699474e-22 -1.03696882282e-22
-0.00123061572264 -1.08323995078e-10 1.14694877117e-10 0.00246474030834 1.14694877117e-22 -1.08323995078e-22
