0.0 0.0
0.0 0.0
-3.53650399521e-06 6.45347497687e-11
-1.05602648402e-05 2.04010937278e-10
-2.09750638572e-05 4.07190458168e-10
-3.4639331452e-05 6.7900349535e-10
-5.13684898482e-05 1.00943195299e-09
-7.09380405948e-05 1.3992740368e-09
-9.30872924807e-05 1.83901754629e-09
-0.000117523708844 2.32641291117e-09
-0.000143927764932 2.85214661175e-09
-0.000171958261408 3.41184359236e-09
-0.000201257979423 3.9963676172e-09
-0.000231459600497 4.60003292836e-09
-0.000262191773936 5.21404987294e-09
-0.000293085241745 5.83215355226e-09
-0.0003237789055 6.44618369131e-09
-0.000353925740903 7.04994907906e-09
-0.0003831984517 7.63625121391e-09
-0.000411294772856 8.19953920003e-09
-0.000437942327596 8.73390534787e-09
-0.00046290295992 9.23490613051e-09
-0.000485976465459 9.6982073689e-09
-0.00050700366028 1.01208257882e-08
-0.000525868733265 1.0500203887e-08
-0.000542500844386 1.08350450939e-08
-0.000556874940474 1.11246689674e-08
-0.000569011776482 1.13695583127e-08
-0.00057897714141 1.15708941729e-08
-0.000586880303675 1.17308968816e-08
-0.000592871702457 1.18524742589e-08
-0.000597139925801 1.19394145126e-08
-0.000599908027376 1.19961047736e-08
-0.000601429246021 1.20276179296e-08
-0.000601982201708 1.20394752277e-08
-0.000601865651101 1.20376587179e-08
-0.000601392892983 1.2028403197e-08
-0.000600885920181 1.20181590092e-08
-0.000600669418661 1.2013406507e-08
-0.000601064717356 1.20205891765e-08
-0.000602383792901 1.20459489898e-08
-0.000604923432709 1.20954462934e-08
-0.00060895965696 1.21746175836e-08
-0.000614742495772 1.22884957204e-08
-0.000622491211641 1.24414932476e-08
-0.000632390049703 1.26373339008e-08
-0.000644584589279 1.28789649729e-08
-0.000659178759897 1.31685085669e-08
-0.000676232573613 1.35072059705e-08
-0.00069576061319 1.38953945675e-08
-0.000717731302729 1.43324859844e-08
-0.000742066974004 1.48169720161e-08
-0.000768644728065 1.53464366716e-08
-0.000797298078115 1.59175919404e-08
-0.000827819346237 1.65263220075e-08
-0.000859962773674 1.71677472767e-08
-0.000893448292122 1.78362971391e-08
-0.000927965892177 1.85257984881e-08
-0.000963180514846 1.92295716877e-08
-0.00099873738306 1.99405379678e-08
-0.00103426768259 2.06513317996e-08
-0.00106939449574 2.13544201517e-08
-0.00110373888696 2.20422234557e-08
-0.00113692603662 2.27072388136e-08
-0.00116859131879 2.33421612129e-08
-0.00119838621935 2.39400024489e-08
-0.00122598399371 2.4494204274e-08
-0.00125108496794 2.49987450484e-08
-0.00127342139278 2.5448237086e-08
-0.0012927617682 2.58380138545e-08
-0.00130891456472 2.6164204873e-08
-0.00132173127819 2.64237975873e-08
-0.00133110876627 2.66146847144e-08
-0.00133699082669 2.67356966291e-08
-0.00133936899083 2.67866179329e-08
-0.00133828251914 2.67681881846e-08
-0.00133381759871 2.66820865721e-08
-0.00132610575706 2.65309009669e-08
-0.00131532151925 2.63180817496e-08
-0.00130167934881 2.60478813191e-08
-0.0012854299246 2.57252802236e-08
-0.00126685581775 2.53559012611e-08
-0.00124626664243 2.49459129525e-08
-0.0012239937636 2.4501924095e-08
-0.00120038465213 2.40308711542e-08
-0.00117579698407 2.35399004588e-08
-0.00115059258471 2.30362471805e-08
-0.00112513132116 2.25271131943e-08
-0.00109976504762 2.20195458846e-08
-0.00107483170701 2.1520319986e-08
-0.00105064968949 2.10358244612e-08
-0.00102751254427 2.05719563602e-08
-0.00100568413498 2.01340234616e-08
-0.00098539432117 1.97266573647e-08
-0.000966835239475 1.93537385062e-08
-0.000950158247888 1.90183343849e-08
-0.000935471584936 1.87226520373e-08
-0.000922838783494 1.84680055759e-08
-0.000912277865947 1.82547993323e-08
-0.000903761334042 1.80825268893e-08
-0.000897216953135 1.79497860049e-08
-0.000892529316948 1.78543091678e-08
-0.000889542165529 1.77930092475e-08
-0.000888061416255 1.77620394497e-08
-0.00088785885544 1.77568665396e-08
-0.000888676426829 1.77723560685e-08
-0.000890231042999 1.78028681335e-08
-0.000892219836735 1.78423620211e-08
-0.000894325761905 1.78845079288e-08
-0.000896223447346 1.79228038436e-08
-0.000897585202946 1.79506955615e-08
-0.000898087074474 1.79616977831e-08
-0.000897414842877 1.79495141974e-08
-0.000895269864671 1.79081544876e-08
-0.000891374652805 1.78320462397e-08
-0.00088547810176 1.77161398272e-08
-0.00087736026676 1.75560044611e-08
-0.000866836614569 1.73479137472e-08
-0.000853761672383 1.7088919272e-08
-0.000838032011649 1.67769109428e-08
-0.000819588514966 1.64106630337e-08
-0.000798417886535 1.59898651362e-08
-0.000774553379534 1.55151374668e-08
-0.000748074727203 1.49880302567e-08
-0.000719107278052 1.44110072166e-08
-0.00068782034921 1.3787413346e-08
-0.000654424825334 1.31214276209e-08
-0.000619170043382 1.24180013547e-08
-0.000582340015806 1.16827832723e-08
-0.000544249056017 1.09220325633e-08
-0.000505236880246 1.01425213875e-08
-0.000465663268842 9.35142848657e-09
-0.000425902377647 8.55622570651e-09
-0.00038633679605 7.76455935893e-09
-0.000347351452676 6.98412843665e-09
-0.000309327472299 6.2225617535e-09
-0.000272636088397 5.48729609658e-09
-0.000237632714839 4.78545746279e-09
-0.000204651277494 4.12374739834e-09
-0.000173998902102 3.50833637337e-09
-0.000145951048687 2.94476600374e-09
-0.000120747175159 2.43786178083e-09
-9.85870037257e-05 1.99165779096e-09
-7.96274534357e-05 1.60933470147e-09
-6.39802907897e-05 1.29317206333e-09
-5.17105381139e-05 1.04451573649e-09
-4.28356664254e-05 8.63760985008e-10
-3.7325586133e-05 7.50351522022e-10
-3.51034352834e-05 7.02794511873e-10
-3.6047151447e-05 7.18691264193e-10
-3.99917999489e-05 7.9478308689e-10
-4.67326182414e-05 9.27011506025e-10
-5.60287239837e-05 1.11059181532e-09
-6.76074230668e-05 1.34009869055e-09
-8.11690435871e-05 1.60956239805e-09
-9.63922127952e-05 1.91257394616e-09
-0.000112939486502 2.24239737556e-09
-0.000130463234421 2.59208726336e-09
-0.000148611680568 2.95460942676e-09
-0.000167034995234 3.32296275822e-09
-0.000185391334177 3.69030010523e-09
-0.000203352721609 4.05004612469e-09
-0.000220610676293 4.39601009433e-09
-0.000236881484428 4.72249175037e-09
-0.00025191102914 5.02437834082e-09
-0.000265479093969 5.29723123437e-09
-0.000277403066789 5.5373606044e-09
-0.000287540980885 5.74188691226e-09
-0.00029579384128 5.90878814017e-09
-0.000302107196674 6.03693196888e-09
-0.000306471930276 6.12609235327e-09
-0.000308924256222 6.17695021643e-09
-0.000309544921887 6.19107825538e-09
-0.000308457630004 6.17091012381e-09
-0.000305826707908 6.1196945252e-09
-0.000301854064096 6.04143500834e-09
-0.000296775484551 5.94081650246e-09
-0.000290856332574 5.82311985673e-09
-0.000284386726112 5.69412585444e-09
-0.000277676275544 5.56001035297e-09
-0.000271048472409 5.42723235286e-09
-0.000264834825579 5.30241692077e-09
-0.000259368845714 5.19223497983e-09
-0.000254979981458 5.10328203451e-09
-0.000251987611671 5.04195791629e-09
-0.000250695197076 5.01434961903e-09
-0.000251384691974 5.02611924056e-09
-0.000254311312253 5.08239896007e-09
-0.000259698749838 5.18769486084e-09
-0.000267734916122 5.34580125672e-09
-0.000278568287854 5.55972700165e-09
-0.0002923049187 5.83163505642e-09
-0.000309006168287 6.16279636066e-09
-0.000328687188296 6.55355881324e-09
-0.000351316192229 7.00333190628e-09
-0.000376814522059 7.5105872901e-09
-0.000405057511364 8.07287527411e-09
-0.000435876130926 8.68685699638e-09
-0.00046905938938 9.34835172624e-09
-0.000504357448605 1.00523985059e-08
-0.000541485401302 1.07933310915e-08
-0.000580127646908 1.15648649268e-08
-0.000619942791724 1.23601946764e-08
-0.000660568990198 1.31721006659e-08
-0.000701629636738 1.39930624222e-08
-0.000742739311433 1.48153773867e-08
-0.000783509878729 1.56312827874e-08
-0.000823556635461 1.64330785966e-08
-0.000862504403818 1.72132494888e-08
-0.000899993465729 1.79645837254e-08
-0.000935685237903 1.86802869473e-08
-0.00096926759113 1.9354088943e-08
-0.00100045972359 1.99803415815e-08
-0.00102901650547 2.05541062459e-08
-0.00105473222133 2.1071229289e-08
-0.00107744364676 2.15284042314e-08
-0.00109703240754 2.19232196529e-08
-0.00111342658141 2.22541919703e-08
-0.00112660151587 2.25207825551e-08
-0.00113657984852 2.27233989092e-08
-0.00114343073037 2.28633798926e-08
-0.00114726826577 2.2942965266e-08
-0.00114824919649 2.29652500838e-08
-0.00114656986997 2.29341247257e-08
-0.00114246254424 2.28542016069e-08
-0.00113619109312 2.27307298291e-08
-0.00112804618596 2.25694992438e-08
-0.00111834002446 2.2376735578e-08
-0.00110740072747 2.21589884269e-08
-0.00109556646002 2.19230140365e-08
-0.00108317940749 2.1675654892e-08
-0.00107057969846 2.14237181782e-08
-0.00105809938044 2.11738551987e-08
-0.00104605655201 2.09324438235e-08
-0.00103474975196 2.07054759818e-08
-0.0010244527017 2.04984521313e-08
-0.00101540949123 2.03162845128e-08
-0.00100783029105 2.01632108504e-08
-0.0010018876638 2.00427199774e-08
-0.000997713538614 1.99574906628e-08
-0.000995396900318 1.99093446882e-08
-0.000994982232895 1.98992149787e-08
-0.000996468744036 1.99271293348e-08
-0.000999810383997 1.99922100441e-08
-0.00100491665846 2.00926893788e-08
-0.00101165422142 2.02259407139e-08
-0.00101984922085 2.03885247315e-08
-0.00102929035679 2.05762499192e-08
-0.00103973259952 2.07842463249e-08
-0.00105090150397 2.10070513023e-08
-0.00106249804642 2.12387057773e-08
-0.00107420390042 2.1472859383e-08
-0.00108568706152 2.17028826593e-08
-0.00109660772421 2.19219843931e-08
-0.00110662431024 2.21233320842e-08
-0.00111539954493 2.23001734695e-08
-0.00112260647693 2.24459570186e-08
-0.00112793433829 2.25544493333e-08
-0.00113109414399 2.26198474308e-08
-0.0011318239348 2.26368839841e-08
-0.0011298935732 2.26009237078e-08
-0.0011251090099 2.25080492301e-08
-0.00111731594743 2.23551349741e-08
-0.00110640283751 2.21399077702e-08
-0.00109230316054 2.18609931542e-08
-0.0010749969474 2.15179465469e-08
-0.00105451151717 2.11112687687e-08
-0.0010309214173 2.06424056133e-08
-0.0010043475669 2.01137314739e-08
-0.000974955616835 1.95285172895e-08
-0.000942953554344 1.88908833474e-08
-0.000908588592253 1.82057377347e-08
-0.000872143395448 1.74787014784e-08
-0.000833931708427 1.67160216417e-08
-0.000794293458025 1.59244738485e-08
-0.000753589414399 1.51112558889e-08
-0.000712195500869 1.42838742131e-08
-0.000670496849249 1.34500252389e-08
-0.000628881701618 1.26174734901e-08
-0.000587735262121 1.17939286351e-08
-0.000547433603234 1.09869235151e-08
-0.000508337729994 1.02036952317e-08
-0.000470787902978 9.45107131562e-09
-0.000435098316417 8.73536290689e-09
-0.0004015522217 8.06226675976e-09
-0.00037039757897 7.43677773329e-09
-0.000341843310423 6.86311324966e-09
-0.000316056218663 6.34465099745e-09
-0.000293158622077 5.88388093061e-09
-0.000273226746937 5.48237236924e-09
-0.00025628990299 5.14075675025e-09
-0.000242330455903 4.85872630816e-09
-0.000231284596306 4.63504869398e-09
-0.000223043891549 4.46759726772e-09
-0.000217457592922 4.35339653182e-09
-0.000214335658146 4.28868191441e-09
-0.000213452436764 4.26897286565e-09
-0.000214550954671 4.28915800308e-09
-0.000217347723855 4.34359083614e-09
-0.000221537994388 4.42619441912e-09
-0.000226801358203 4.53057312956e-09
-0.000232807608163 4.65012964754e-09
-0.000239222751604 4.77818512259e-09
-0.000245715074879 4.90810046099e-09
-0.00025196115462 5.03339664733e-09
-0.000257651712324 5.14787203123e-09
-0.000262497211611 5.24571456257e-09
-0.000266233101908 5.32160704529e-09
-0.000268624618388 5.37082359997e-09
-0.000269471055614 5.38931567625e-09
-0.000268609441377 5.37378613532e-09
-0.000265917547492 5.32175012771e-09
-0.000261316185686 5.23158171761e-09
-0.000254770748997 5.10254544982e-09
-0.00024629197201 4.93481231336e-09
-0.000235935896666 4.72945982339e-09
-0.000223803043993 4.4884562154e-09
-0.000210036805748 4.21462901804e-09
-0.00019482108329 3.91161853896e-09
-0.000178377213968 3.58381705642e-09
-0.00016096023748 3.2362947551e-09
-0.000142854566021 2.87471367153e-09
-0.000124369132238 2.50523112054e-09
-0.000105832098006 2.13439425457e-09
-8.75852145471e-05 1.76902756031e-09
-6.99779304544e-05 1.41611521808e-09
-5.33613484815e-05 1.08268033844e-09
-3.80821346115e-05 7.75663144037e-10
-2.44764837449e-05 5.01800183729e-10
-1.28642454162e-05 2.67506648773e-10
-3.54331023672e-06 7.87638083623e-11
3.2156466688e-06 -5.89865051195e-11
7.17397504575e-06 -1.40938550853e-10
8.12932914765e-06 -1.63008815106e-10
5.91934410087e-06 -1.2191014768e-10
4.24645762158e-07 -1.52126242309e-11
-8.42885778813e-06 1.58609914062e-10
-2.06684427087e-05 4.001484474e-10
-3.62738204653e-05 7.09043036534e-10
-5.51771867536e-05 1.08398303218e-09
-7.72640678994e-05 1.52272324031e-09
-0.000102374950738 2.02211577631e-09
-0.000130307668593 2.57815707316e-09
-0.000160820503056 3.18604924989e-09
-0.000193635949051 3.84027480114e-09
-0.000228445079328 4.53468334152e-09
-0.000264912434306 5.26258893209e-09
-0.000302681354205 6.01687633609e-09
-0.000341379662859 6.79011439837e-09
-0.000380625606615 7.57467462128e-09
-0.000420033947349 8.36285292167e-09
-0.000459222106032 9.14699249897e-09
-0.000497816252422 9.91960572602e-09
-0.000535457237371 1.0673492991e-08
-0.000571806266983 1.14018564713e-08
-0.00060655022225 1.20984069077e-08
-0.000639406533876 1.27574615652e-08
-0.000670127529635 1.33740317215e-08
-0.00069850418063 1.39438981988e-08
-0.000724369183099 1.44636736632e-08
-0.000747599323813 1.4930850641e-08
-0.000768117089356 1.53438344447e-08
-0.000785891492519 1.57019604614e-08
-0.000800938102437 1.60054955233e-08
-0.000813318278736 1.6255623352e-08
-0.000823137623549 1.64544143409e-08
-0.000830543678666 1.66047802082e-08
-0.000835722907979 1.67104143124e-08
-0.000838897017618 1.67757186658e-08
-0.000840318677493 1.68057189098e-08
-0.000840266718199 1.68059687228e-08
-0.0008390408862 1.67824453105e-08
-0.000836956247771 1.6741437781e-08
-0.000834337338158 1.66894303299e-08
-0.000831512156793 1.66329822477e-08
-0.000828806111977 1.65786068171e-08
-0.000826536019352 1.6532651185e-08
-0.000825004257497 1.65011792795e-08
-0.000824493181309 1.64898597869e-08
-0.000825259889397 1.65038611187e-08
-0.000827531435629 1.6547755179e-08
-0.000831500567375 1.66254315888e-08
-0.000837322063949 1.67400238491e-08
-0.000845109738437 1.68938487153e-08
-0.000854934154788 1.7088359832e-08
-0.000866821099711 1.73241164318e-08
-0.000880750836042 1.7600767643e-08
-0.000896658150816 1.79170526859e-08
-0.000914433197671 1.82708169604e-08
-0.000933923119594 1.86590437606e-08
-0.000954934424634 1.90779010811e-08
-0.000977236074309 1.95228027206e-08
-0.0010005632322 1.99884826452e-08
-0.00102462160891 2.04690813449e-08
-0.00104909232935 2.09582427116e-08
-0.00107363723926 2.14492197865e-08
-0.00109790456055 2.19349875711e-08
-0.00112153479868 2.24083609777e-08
-0.00114416680141 2.28621159018e-08
-0.00116544386518 2.32891113509e-08
-0.00118501978494 2.36824105393e-08
-0.00120256474386 2.40353988812e-08
-0.00121777094222 2.43418968623e-08
-0.0012303578693 2.45962658604e-08
-0.00124007712791 2.47935051037e-08
-0.00124671672903 2.49293381068e-08
-0.00125010478311 2.5000287105e-08
-0.00125011252453 2.50037342104e-08
-0.00124665661766 2.49379682414e-08
-0.00123970070458 2.4802216421e-08
-0.00122925616804 2.45966603983e-08
-0.0012153820963 2.43224363136e-08
-0.0011981844501 2.39816189024e-08
-0.00117781444599 2.35771899039e-08
-0.00115446618308 2.31129913092e-08
-0.00112837355372 2.25936642418e-08
-0.00109980649051 2.20245745095e-08
-0.00106906661348 2.14117260945e-08
-0.0010364823515 2.07616640521e-08
-0.00100240362102 2.00813684723e-08
-0.000967196152601 1.93781413089e-08
-0.000931235562022 1.86594880026e-08
-0.000894901266676 1.7932995914e-08
-0.000858570350998 1.72062116351e-08
-0.00082261148525 1.64865192687e-08
-0.000787379001157 1.5781021746e-08
-0.000753207225187 1.50964272017e-08
-0.000720405165803 1.44389423386e-08
-0.000689251644972 1.38141745932e-08
-0.000659990956585 1.32270447643e-08
-0.000632829125414 1.26817115853e-08
-0.000607930829932 1.21815095184e-08
-0.000585417040962 1.17289008194e-08
-0.00056536341586 1.1325442682e-08
-0.000547799474978 1.09717700068e-08
-0.000532708573791 1.06675940767e-08
-0.000520028670406 1.04117171468e-08
-0.0005096538746 1.02020626828e-08
-0.000501436751113 1.00357207181e-08
-0.000495191337041 9.90900753531e-09
-0.000490696820923 9.81753863818e-09
-0.000487701819821 9.75631374889e-09
-0.000485929180432 9.71981236118e-09
-0.000485081221318 9.70209819906e-09
-0.000484845325777 9.69693077832e-09
-0.000484899788906 9.69788214661e-09
-0.000484919818027 9.69845678917e-09
-0.000484583583051 9.69221263349e-09
-0.000483578212494 9.67288106705e-09
-0.000481605631799 9.63448389964e-09
-0.000478388143316 9.57144525399e-09
-0.00047367365173 9.47869645544e-09
-0.000467240444796 9.35177211134e-09
-0.000458901446859 9.18689572176e-09
-0.000448507871673 8.98105334258e-09
-0.000435952211321 8.73205402652e-09
-0.000421170509414 8.43857599436e-09
-0.000404143878996 8.10019773284e-09
-0.000384899238541 7.71741347424e-09
-0.000363509252811 7.29163277987e-09
-0.000340091478957 6.82516422223e-09
-0.000314806731886 6.32118343311e-09
-0.000287856696275 5.78368605263e-09
-0.000259480825536 5.21742637301e-09
-0.000229952580242 4.6278427161e-09
-0.000199575069869 4.02097081125e-09
-0.000168676171926 3.40334664547e-09
-0.000137603211513 2.78190043894e-09
-0.000106717291899 2.16384355089e-09
-7.63873726988e-05 1.55655024254e-09
-4.69841965852e-05 9.67436312166e-10
-1.88741680696e-05 4.038366715e-10
7.58671124358e-06 -1.27116048753e-10
3.20587474808e-05 -6.18609793447e-10
5.42241986553e-05 -1.0642662594e-09
7.37925618399e-05 -1.45824702232e-09
9.05054131236e-05 -1.79535080309e-09
0.000104140717739 -2.07110021316e-09
0.000114516536786 -2.28181649836e-09
0.000121494067272 -2.42468100497e-09
