0.0 -0.0
-3.53650399521e-05 3.53650399521e-05
-0.000140967688354 0.000140967688354
-0.000315353286973 0.000315353286973
-0.000556143953091 0.000556143953091
-0.000860078213001 0.000860078213001
-0.00122306530443 0.00122306530443
-0.00164025333076 0.00164025333076
-0.00210611001325 0.00210611001325
-0.00261451473776 0.00261451473776
-0.0031588602634 0.0031588602634
-0.00373216240831 0.00373216240831
-0.0043271757992 0.0043271757992
-0.00493651374432 0.00493651374432
-0.00555277015681 0.00555277015681
-0.00616864147245 0.00616864147245
-0.00677704646403 0.00677704646403
-0.00737124192603 0.00737124192603
-0.00794493224556 0.00794493224556
-0.00849237100452 0.00849237100452
-0.00900845287516 0.00900845287516
-0.00948879425379 0.00948879425379
-0.00992980125739 0.00992980125739
-0.0103287239355 0.0103287239355
-0.0106836957765 0.0106836957765
-0.0109937578486 0.0109937578486
-0.0112588671696 0.0112588671696
-0.0114798891789 0.0114798891789
-0.0116585744509 0.0116585744509
-0.0117975200613 0.0117975200613
-0.0119001162826 0.0119001162826
-0.0119704795318 0.0119704795318
-0.012013372734 0.012013372734
-0.0120341144773 0.0120341144773
-0.0120384785281 0.0120384785281
-0.0120325854408 0.0120325854408
-0.0120227881316 0.0120227881316
-0.0120155533884 0.0120155533884
-0.0120173413602 0.0120173413602
-0.0120344851026 0.0120344851026
-0.0120730722561 0.0120730722561
-0.0121388308967 0.0121388308967
-0.0122370215273 0.0122370215273
-0.0123723370741 0.0123723370741
-0.0125488126134 0.0125488126134
-0.0127697463898 0.0127697463898
-0.0130376334918 0.0130376334918
-0.0133541133351 0.0133541133351
-0.013719931868 0.013719931868
-0.0141349191592 0.0141349191592
-0.0145979827673 0.0145979827673
-0.0151071170207 0.0151071170207
-0.0156594280618 0.0156594280618
-0.0162511742435 0.0162511742435
-0.0168778211991 0.0168778211991
-0.017534110658 0.017534110658
-0.018214141843 0.018214141843
-0.0189114640702 0.0189114640702
-0.0196191789791 0.0196191789791
-0.0203300506565 0.0203300506565
-0.0210366217833 0.0210366217833
-0.021731333827 0.021731333827
-0.0224066492358 0.0224066492358
-0.0230551735541 0.0230551735541
-0.0236697753814 0.0236697753814
-0.0242437021306 0.0242437021306
-0.0247706896166 0.0247706896166
-0.0252450636072 0.0252450636072
-0.0256618316099 0.0256618316099
-0.0260167633292 0.0260167633292
-0.0263064584291 0.0263064584291
-0.0265284004446 0.0265284004446
-0.0266809959295 0.0266809959295
-0.0267635981752 0.0267635981752
-0.0267765150997 0.0267765150997
-0.0267210011785 0.0267210011785
-0.0265992335577 0.0265992335577
-0.0264142727631 0.0264142727631
-0.0261700086806 0.0261700086806
-0.025871092734 0.025871092734
-0.0255228574234 0.0255228574234
-0.0251312246018 0.0251312246018
-0.0247026040603 0.0247026040603
-0.0242437841572 0.0242437841572
-0.0237618163619 0.0237618163619
-0.0232638956878 0.0232638956878
-0.0227572390587 0.0227572390587
-0.0222489636878 0.0222489636878
-0.0217459675463 0.0217459675463
-0.021254813965 0.021254813965
-0.0207816223375 0.0207816223375
-0.0203319667925 0.0203319667925
-0.0199107845615 0.0199107845615
-0.0195222956065 0.0195222956065
-0.0191699348736 0.0191699348736
-0.0188562983282 0.0188562983282
-0.0185831036843 0.0185831036843
-0.0183511664944 0.0183511664944
-0.0181603919999 0.0181603919999
-0.0180097828718 0.0180097828718
-0.0178974627008 0.0178974627008
-0.0178207148248 0.0178207148248
-0.0177760358178 0.0177760358178
-0.017759202717 0.017759202717
-0.0177653528227 0.0177653528227
-0.0177890746983 0.0177890746983
-0.0178245087973 0.0178245087973
-0.0178654559864 0.0178654559864
-0.0179054920925 0.0179054920925
-0.0179380865029 0.0179380865029
-0.0179567227742 0.0179567227742
-0.0179550191735 0.0179550191735
-0.0179268470755 0.0179268470755
-0.0178664451748 0.0178664451748
-0.0177685275456 0.0177685275456
-0.0176283836852 0.0176283836852
-0.0174419688133 0.0174419688133
-0.0172059828695 0.0172059828695
-0.0169179368403 0.0169179368403
-0.0165762052661 0.0165762052661
-0.016180064015 0.016180064015
-0.0157297126607 0.0157297126607
-0.0152262810674 0.0152262810674
-0.0146718200526 0.0146718200526
-0.0140692762726 0.0140692762726
-0.0134224517454 0.0134224517454
-0.0127359486872 0.0127359486872
-0.0120151005919 0.0120151005919
-0.0112658907182 0.0112658907182
-0.0104948593626 0.0104948593626
-0.00970900149088 0.00970900149088
-0.00891565646489 0.00891565646489
-0.00812239173697 0.00812239173697
-0.00733688248726 0.00733688248726
-0.00656678924975 0.00656678924975
-0.00581963560696 0.00581963560696
-0.00510268803235 0.00510268803235
-0.00442283992333 0.00442283992333
-0.00378650179596 0.00378650179596
-0.0031994995079 0.0031994995079
-0.00266698223846 0.00266698223846
-0.00219334178884 0.00219334178884
-0.00178214457161 0.00178214457161
-0.00143607744225 0.00143607744225
-0.00115690828904 0.00115690828904
-0.000945462045393 0.000945462045393
-0.000801612525584 0.000801612525584
-0.000724290214164 0.000724290214164
-0.000711505867303 0.000711505867303
-0.000760389513958 0.000760389513958
-0.000867244181903 0.000867244181903
-0.00102761342225 0.00102761342225
-0.0012363614705 0.0012363614705
-0.00148776466654 0.00148776466654
-0.00177561256382 0.00177561256382
-0.00209331699297 0.00209331699297
-0.00243402720923 0.00243402720923
-0.00279074914988 0.00279074914988
-0.00315646675802 0.00315646675802
-0.00352426329411 0.00352426329411
-0.00388744055786 0.00388744055786
-0.00423963397903 0.00423963397903
-0.00457492160721 0.00457492160721
-0.00488792513567 0.00488792513567
-0.00517390123108 0.00517390123108
-0.00542882160758 0.00542882160758
-0.00564944047675 0.00564944047675
-0.00583334822166 0.00583334822166
-0.00597901037955 0.00597901037955
-0.0060857912695 0.0060857912695
-0.00615396186498 0.00615396186498
-0.00618469178109 0.00618469178109
-0.00618002551891 0.00618002551891
-0.00614284337912 0.00614284337912
-0.00607680772004 0.00607680772004
-0.00598629548647 0.00598629548647
-0.00587631817125 0.00587631817125
-0.00575243058686 0.00575243058686
-0.00562063001656 0.00562063001656
-0.00548724747953 0.00548724747953
-0.00535883297988 0.00535883297988
-0.00524203671293 0.00524203671293
-0.00514348827172 0.00514348827172
-0.00506967593129 0.00506967593129
-0.00502682808746 0.00502682808746
-0.0050207988905 0.0050207988905
-0.00505696004228 0.00505696004228
-0.00514010062091 0.00514010062091
-0.0052743366596 0.0052743366596
-0.00546303203975 0.00546303203975
-0.00570873206554 0.00570873206554
-0.00601311086987 0.00601311086987
-0.00637693356583 0.00637693356583
-0.00680003380525 0.00680003380525
-0.00728130714288 0.00728130714288
-0.00781872033423 0.00781872033423
-0.0084093364229 0.0084093364229
-0.00904935520306 0.00904935520306
-0.00973416837985 0.00973416837985
-0.0104584284991 0.0104584284991
-0.0112161304821 0.0112161304821
-0.0120007043863 0.0120007043863
-0.0128051178192 0.0128051178192
-0.0136219862694 0.0136219862694
-0.0144436894817 0.0144436894817
-0.0152624919016 0.0152624919016
-0.0160706651419 0.0160706651419
-0.0168606103928 0.0168606103928
-0.0176249786955 0.0176249786955
-0.0183567870363 0.0183567870363
-0.0190495282903 0.0190495282903
-0.0196972731472 0.0196972731472
-0.0202947622906 0.0202947622906
-0.020837487268 0.020837487268
-0.0213217586809 0.0213217586809
-0.0217447605431 0.0217447605431
-0.0221045898896 0.0221045898896
-0.0224002809728 0.0224002809728
-0.0226318136439 0.0226318136439
-0.0228001057889 0.0228001057889
-0.0229069899614 0.0229069899614
-0.0229551746226 0.0229551746226
-0.0229481906646 0.0229481906646
-0.0228903241421 0.0228903241421
-0.0227865363736 0.0227865363736
-0.0226423727908 0.0226423727908
-0.0224638621042 0.0224638621042
-0.0222574075192 0.0222574075192
-0.0220296718749 0.0220296718749
-0.0217874586751 0.0217874586751
-0.0215375910596 0.0215375910596
-0.0212867907891 0.0212867907891
-0.0210415593246 0.0210415593246
-0.0208080630397 0.0208080630397
-0.0205920245366 0.0205920245366
-0.0203986219293 0.0203986219293
-0.0202323978227 0.0202323978227
-0.0200971795485 0.0200971795485
-0.0199960120241 0.0199960120241
-0.0199311043893 0.0199311043893
-0.0199037913321 0.0199037913321
-0.0199145097693 0.0199145097693
-0.0199627912803 0.0199627912803
-0.0200472704246 0.0200472704246
-0.0201657087988 0.0201657087988
-0.0203150344228 0.0203150344228
-0.0204913957765 0.0204913957765
-0.0206902295631 0.0206902295631
-0.0209063410349 0.0209063410349
-0.0211339955039 0.0211339955039
-0.0213670194685 0.0213670194685
-0.0215989096195 0.0215989096195
-0.0218229478573 0.0218229478573
-0.0220323203445 0.0220323203445
-0.0222202385518 0.0222202385518
-0.0223800602187 0.0223800602187
-0.0225054081522 0.0225054081522
-0.0225902848227 0.0225902848227
-0.0226291807878 0.0226291807878
-0.0226171750799 0.0226171750799
-0.022550025831 0.022550025831
-0.0224242495733 0.0224242495733
-0.0222371878494 0.0222371878494
-0.0219870599806 0.0219870599806
-0.0216730010795 0.0216730010795
-0.0212950846457 0.0212950846457
-0.0208543293447 0.0208543293447
-0.020352689842 0.020352689842
-0.0197930318373 0.0197930318373
-0.0191790917118 0.0191790917118
-0.018515421466 0.018515421466
-0.017807319877 0.017807319877
-0.0170607510388 0.0170607510388
-0.0162822516645 0.0162822516645
-0.0154788287242 0.0154788287242
-0.0146578491527 0.0146578491527
-0.0138269235012 0.0138269235012
-0.0129937855087 0.0129937855087
-0.0121661696374 0.0121661696374
-0.0113516886536 0.0113516886536
-0.0105577133323 0.0105577133323
-0.00979125632972 0.00979125632972
-0.00905886219395 0.00905886219395
-0.00836650538117 0.00836650538117
-0.0077194980067 0.0077194980067
-0.00712240889393 0.00712240889393
-0.00657899529086 0.00657899529086
-0.0060921484074 0.0060921484074
-0.00566385369015 0.00566385369015
-0.00529516649928 0.00529516649928
-0.00498620358894 0.00498620358894
-0.00473615052209 0.00473615052209
-0.00454328487855 0.00454328487855
-0.00440501484471 0.00440501484471
-0.00431793251068 0.00431793251068
-0.0042778809491 0.0042778809491
-0.00428003391435 0.00428003391435
-0.00431898678526 0.00431898678526
-0.00438885718244 0.00438885718244
-0.00448339352591 0.00448339352591
-0.00459608966366 0.00459608966366
-0.00472030359767 0.00472030359767
-0.00484937826483 0.00484937826483
-0.00497676229499 0.00497676229499
-0.00509612866944 0.00509612866944
-0.00520148923934 0.00520148923934
-0.00528730313519 0.00528730313519
-0.00534857720296 0.00534857720296
-0.00538095674001 0.00538095674001
-0.00538080496991 0.00538080496991
-0.00534526988869 0.00534526988869
-0.00527233733177 0.00527233733177
-0.00516086934682 0.00516086934682
-0.00501062721007 0.00501062721007
-0.00482227868676 0.00482227868676
-0.00459738940659 0.00459738940659
-0.00433839849741 0.00433839849741
-0.00404857889037 0.00404857889037
-0.00373198297257 0.00373198297257
-0.00339337451447 0.00339337451447
-0.00303814803501 0.00303814803501
-0.00267223698259 0.00267223698259
-0.00230201230244 0.00230201230244
-0.00193417312553 0.00193417312553
-0.00157563145001 0.00157563145001
-0.00123339278936 0.00123339278936
-0.000914434830931 0.000914434830931
-0.000625586183565 0.000625586183565
-0.000373407291611 0.000373407291611
-0.000164075556529 0.000164075556529
-3.27663567924e-06 3.27663567924e-06
0.000103896217145 -0.000103896217145
0.000153033041934 -0.000153033041934
0.000140486732485 -0.000140486732485
6.34398986303e-05 -6.34398986303e-05
-8.00421202597e-05 8.00421202597e-05
-0.000290973004968 0.000290973004968
-0.00056942263174 0.00056942263174
-0.000914510072189 0.000914510072189
-0.00132441254653 0.00132441254653
-0.00179639018638 0.00179639018638
-0.00232682619331 0.00232682619331
-0.00291128171649 0.00291128171649
-0.00354456452107 0.00354456452107
-0.00422081028378 0.00422081028378
-0.00493357513634 0.00493357513634
-0.00567593788511 0.00567593788511
-0.00644061017064 0.00644061017064
-0.00722005269474 0.00722005269474
-0.00800659553964 0.00800659553964
-0.00879256053381 0.00879256053381
-0.00957038358454 0.00957038358454
-0.0103327348979 0.0103327348979
-0.0110726350435 0.0110726350435
-0.0117835648923 0.0117835648923
-0.0124595675613 0.0124595675613
-0.0130953406351 0.0130953406351
-0.0136863171027 0.0136863171027
-0.0142287336373 0.0142287336373
-0.0147196850691 0.0147196850691
-0.0151571641317 0.0151571641317
-0.0155400858188 0.0155400858188
-0.0158682959496 0.0158682959496
-0.0161425638117 0.0161425638117
-0.0163645590228 0.0163645590228
-0.0165368130222 0.0165368130222
-0.0166626658665 0.0166626658665
-0.016746199256 0.016746199256
-0.0167921569511 0.0167921569511
-0.0168058539569 0.0168058539569
-0.016793076044 0.016793076044
-0.0167599713397 0.0167599713397
-0.0167129358593 0.0167129358593
-0.0166584949495 0.0166584949495
-0.0166031826877 0.0166031826877
-0.0165534213133 0.0165534213133
-0.0165154027685 0.0165154027685
-0.0164949743881 0.0164949743881
-0.0164975307071 0.0164975307071
-0.0165279132503 0.0165279132503
-0.01659032003 0.01659032003
-0.0166882263132 0.0166882263132
-0.0168243180239 0.0168243180239
-0.0170004389323 0.0170004389323
-0.017217552545 0.017217552545
-0.0174757193575 0.0174757193575
-0.0177740898686 0.0177740898686
-0.0181109134849 0.0181109134849
-0.0184835631726 0.0184835631726
-0.0188885754423 0.0188885754423
-0.0193217049894 0.0193217049894
-0.0197779930651 0.0197779930651
-0.0202518484111 0.0202518484111
-0.0207371393826 0.0207371393826
-0.0212272956861 0.0212272956861
-0.0217154179981 0.0217154179981
-0.0221943935923 0.0221943935923
-0.0226570160009 0.0226570160009
-0.0230961066659 0.0230961066659
-0.0235046365012 0.0235046365012
-0.023875845288 0.023875845288
-0.0242033568608 0.0242033568608
-0.0244812881152 0.0244812881152
-0.0247043499721 0.0247043499721
-0.0248679385694 0.0248679385694
-0.0249682151214 0.0249682151214
-0.0250021730764 0.0250021730764
-0.0249676914219 0.0249676914219
-0.0248635732224 0.0248635732224
-0.0246895687262 0.0246895687262
-0.0244463826434 0.0244463826434
-0.024135665464 0.024135665464
-0.023759988961 0.023759988961
-0.0233228062907 0.0233228062907
-0.022828397368 0.022828397368
-0.0222818004423 0.0222818004423
-0.0216887310399 0.0216887310399
-0.0210554896498 0.0210554896498
-0.0203888597252 0.0203888597252
-0.0196959977362 0.0196959977362
-0.0189843171462 0.0189843171462
-0.018261368287 0.018261368287
-0.0175347161767 0.0175347161767
-0.0168118183625 0.0168118183625
-0.0160999048641 0.0160999048641
-0.0154058622634 0.0154058622634
-0.0147361239099 0.0147361239099
-0.0140965681077 0.0140965681077
-0.0134924260156 0.0134924260156
-0.01292820082 0.01292820082
-0.0124075995535 0.0124075995535
-0.0119334787089 0.0119334787089
-0.0115078045682 0.0115078045682
-0.0111316289084 0.0111316289084
-0.0108050804877 0.0108050804877
-0.010527372442 0.010527372442
-0.0102968254501 0.0102968254501
-0.0101109062571 0.0101109062571
-0.00996628088155 0.00996628088155
-0.00985888157964 0.00985888157964
-0.00978398640744 0.00978398640744
-0.00973631000253 0.00973631000253
-0.0097101040175 0.0097101040175
-0.00969926547095 0.00969926547095
-0.00969745114683 0.00969745114683
-0.00969819606934 0.00969819606934
-0.00969503401078 0.00969503401078
-0.00968161795545 0.00968161795545
-0.00965183844293 0.00965183844293
-0.00959993775115 0.00959993775115
-0.00952061795046 0.00952061795046
-0.00940914096526 0.00940914096526
-0.00926141891655 0.00926141891655
-0.00907409318532 0.00907409318532
-0.00884460082994 0.00884460082994
-0.00857122720736 0.00857122720736
-0.0082531438841 0.0082531438841
-0.00789043117537 0.00789043117537
-0.00748408491352 0.00748408491352
-0.00703600731768 0.00703600731768
-0.00654898210843 0.00654898210843
-0.00602663428161 0.00602663428161
-0.00547337521811 0.00547337521811
-0.00489433405778 0.00489433405778
-0.00429527650111 0.00429527650111
-0.00368251241795 0.00368251241795
-0.00306279383439 0.00306279383439
-0.00244320503412 0.00244320503412
-0.00183104664597 0.00183104664597
-0.00123371569284 0.00123371569284
-0.000658583646549 0.000658583646549
-0.000112874568261 0.000112874568261
0.000396454587244 -0.000396454587244
0.000862829461362 -0.000862829461362
0.00128016760495 -0.00128016760495
0.00164297974964 -0.00164297974964
0.00194646130863 -0.00194646130863
0.00218657254525 -0.00218657254525
0.00236010604059 -0.00236010604059
0.00246474030834 -0.00246474030834
