0.0 0.0 0.0 0.0 0.0 0.0
3.22673719632e-05 3.22673719632e-05 -3.53650399521e-05 -1.7682519976e-05 -1.59958804038e-12 1.46059515481e-12
0.000134272831353 0.000134272831353 -0.000140967688354 -7.04838441768e-05 -6.36846751212e-12 6.08493159199e-12
0.000305600669971 0.000305600669971 -0.000315353286973 -0.000157676643487 -1.42185965485e-11 1.38759989587e-11
0.000543096927307 0.000543096927307 -0.000556143953091 -0.000278071976546 -2.5007228824e-11 2.47261186434e-11
0.000844217647035 0.000844217647035 -0.000860078213001 -0.000430039106501 -3.85413660435e-11 3.85670352346e-11
0.00120435288441 0.00120435288441 -0.00122306530443 -0.000611532652215 -5.45836422823e-11 5.52448378853e-11
0.0016191456423 0.0016191456423 -0.00164025333076 -0.000820126665378 -7.28593484085e-11 7.4622967806e-11
0.00208271503574 0.00208271503574 -0.00210611001325 -0.00105305500662 -9.30642531265e-11 9.64961059824e-11
0.00258927952014 0.00258927952014 -0.00261451473776 -0.00130725736888 -1.1487286657e-10 1.20661705414e-10
0.00313199480833 0.00313199480833 -0.0031588602634 -0.0015794301317 -1.37946792718e-10 1.46861035009e-10
0.00370410525512 0.00370410525512 -0.00373216240831 -0.00186608120416 -1.61942850012e-10 1.74829926727e-10
0.00429819986426 0.00429819986426 -0.0043271757992 -0.0021635878996 -1.8652068129e-10 2.04259271967e-10
0.00490704093098 0.00490704093098 -0.00493651374432 -0.00246825687216 -2.11349635337e-10 2.34832332303e-10
0.0055231011802 0.0055231011802 -0.00555277015681 -0.0027763850784 -2.36114764074e-10 2.66199548735e-10
0.00613916802577 0.00613916802577 -0.00616864147245 -0.00308432073622 -2.60521846788e-10 2.98007365875e-10
0.00674806572542 0.00674806572542 -0.00677704646403 -0.00338852323201 -2.84301412235e-10 3.29883696853e-10
0.00734309942356 0.00734309942356 -0.00737124192603 -0.00368562096302 -3.07211784291e-10 3.6146136931e-10
0.00791789442223 0.00791789442223 -0.00794493224556 -0.00397246612278 -3.29041218665e-10 3.92371332587e-10
0.00846672142942 0.00846672142942 -0.00849237100452 -0.00424618550226 -3.49609230356e-10 4.22262362585e-10
0.00898440483759 0.00898440483759 -0.00900845287516 -0.00450422643758 -3.6876723007e-10 4.50799403142e-10
0.00946655579435 0.00946655579435 -0.00948879425379 -0.0047443971269 -3.86398596369e-10 4.77680031101e-10
0.00990951557327 0.00990951557327 -0.00992980125739 -0.0049649006287 -4.02418307759e-10 5.02635472171e-10
0.0103105137867 0.0103105137867 -0.0103287239355 -0.00516436196773 -4.16772249027e-10 5.25443581767e-10
0.0106676233986 0.0106676233986 -0.0106836957765 -0.00534184788826 -4.29436289123e-10 5.45930306989e-10
0.0109798559027 0.0109798559027 -0.0109937578486 -0.0054968789243 -4.40415207121e-10 5.63978644466e-10
0.011247112481 0.011247112481 -0.0112588671696 -0.00562943358478 -4.49741518965e-10 5.79528780289e-10
0.0114702250576 0.0114702250576 -0.0114798891789 -0.00573994458946 -4.57474233495e-10 5.92582633841e-10
0.0116508943208 0.0116508943208 -0.0116585744509 -0.00582928722543 -4.63697542423e-10 6.03201606732e-10
0.0117916843472 0.0117916843472 -0.0117975200613 -0.00589876003066 -4.68519427433e-10 6.11506791258e-10
0.0118959431504 0.0118959431504 -0.0119001162826 -0.00595005814129 -4.72070149241e-10 6.17674075037e-10
0.0119677583992 0.0119677583992 -0.0119704795318 -0.00598523976589 -4.74500569603e-10 6.21930674993e-10
0.0120118601025 0.0120118601025 -0.012013372734 -0.00600668636699 -4.75980248705e-10 6.24548080309e-10
0.012033545327 0.012033545327 -0.0120341144773 -0.00601705723865 -4.76695257995e-10 6.25836041351e-10
0.0120385657206 0.0120385657206 -0.0120384785281 -0.00601923926404 -4.76845652817e-10 6.26134310109e-10
0.0120330297058 0.0120330297058 -0.0120325854408 -0.00601629272042 -4.76642560512e-10 6.25805409481e-10
0.0120232798527 0.0120232798527 -0.0120227881316 -0.00601139406582 -4.76304857841e-10 6.25226260299e-10
0.0120157815085 0.0120157815085 -0.0120155533884 -0.00600777669421 -4.76055436001e-10 6.24780939478e-10
0.012016996592 0.012016996592 -0.0120173413602 -0.00600867068009 -4.7611708113e-10 6.24853097213e-10
0.0120332678315 0.0120332678315 -0.0120344851026 -0.00601724255129 -4.76708031138e-10 6.25819555938e-10
0.0120706963855 0.0120706963855 -0.0120730722561 -0.00603653612805 -4.78037303783e-10 6.28044041295e-10
0.0121350306748 0.0121350306748 -0.0121388308967 -0.00606941544835 -4.80299923378e-10 6.31872015291e-10
0.0122315553768 0.0122315553768 -0.0122370215273 -0.00611851076366 -4.83672201309e-10 6.37625821922e-10
0.0123649931928 0.0123649931928 -0.0123723370741 -0.00618616853707 -4.88307245843e-10 6.45600727772e-10
0.0125394122621 0.0125394122621 -0.0125488126134 -0.00627440630672 -4.94330886742e-10 6.56061245271e-10
0.0127581480984 0.0127581480984 -0.0127697463898 -0.00638487319491 -5.01838198121e-10 6.69238071314e-10
0.0130237353992 0.0130237353992 -0.0130376334918 -0.00651881674588 -5.1089078777e-10 6.85325172224e-10
0.0133378558597 0.0133378558597 -0.0133541133351 -0.00667705666755 -5.21514992987e-10 7.04477209331e-10
0.0137012988154 0.0137012988154 -0.013719931868 -0.00685996593402 -5.33701083321e-10 7.26806970113e-10
0.0141139387712 0.0141139387712 -0.0141349191592 -0.0070674595796 -5.47403522178e-10 7.52382945948e-10
0.0145747274378 0.0145747274378 -0.0145979827673 -0.00729899138367 -5.62542285543e-10 7.81226855323e-10
0.0150817027172 0.0150817027172 -0.0151071170207 -0.00755355851034 -5.79005181523e-10 8.13311260633e-10
0.0156320126089 0.0156320126089 -0.0156594280618 -0.0078297140309 -5.96651063228e-10 8.48557210594e-10
0.0162219552003 0.0162219552003 -0.0162511742435 -0.00812558712176 -6.1531378398e-10 8.86832099768e-10
0.0168470327862 0.0168470327862 -0.0168778211991 -0.00843891059956 -6.3480671109e-10 9.27947801205e-10
0.0175020202646 0.0175020202646 -0.017534110658 -0.00876705532898 -6.54927594881e-10 9.7165931794e-10
0.0181810457782 0.0181810457782 -0.018214141843 -0.0091070709215 -6.75463584029e-10 1.0176641079e-09
0.0188776829567 0.0188776829567 -0.0189114640702 -0.00945573203512 -6.9619618639e-10 1.06560236431e-09
0.0195850525976 0.0195850525976 -0.0196191789791 -0.00980958948953 -7.16905994552e-10 1.11505845609e-09
0.0202959325526 0.0202959325526 -0.0203300506565 -0.0101650253282 -7.37377025012e-10 1.165563798e-09
0.0210028735424 0.0210028735424 -0.0210366217833 -0.0105183108917 -7.57400555931e-10 1.21660133143e-09
0.0216983192685 0.0216983192685 -0.021731333827 -0.0108656669135 -7.76778387616e-10 1.2676117984e-09
0.0223747284986 0.0223747284986 -0.0224066492358 -0.0112033246179 -7.9532548907e-10 1.31800187694e-09
0.0230246972789 0.0230246972789 -0.0230551735541 -0.011527586777 -8.12872030315e-10 1.36715418956e-09
0.023641079002 0.023641079002 -0.0236697753814 -0.0118348876907 -8.2926483172e-10 1.41443905824e-09
0.024217100443 0.024217100443 -0.0242437021306 -0.0121218510653 -8.44368286727e-10 1.45922778498e-09
0.0247464716594 0.0247464716594 -0.0247706896166 -0.0123853448083 -8.58064832557e-10 1.50090709522e-09
0.0252234879894 0.0252234879894 -0.0252450636072 -0.0126225318036 -8.70255054468e-10 1.53889428556e-09
0.025643122325 0.025643122325 -0.0256618316099 -0.0128309158049 -8.80857513507e-10 1.57265250725e-09
0.0260011061603 0.0260011061603 -0.0260167633292 -0.0130083816646 -8.89808386057e-10 1.60170556358e-09
0.0262939979788 0.0262939979788 -0.0263064584291 -0.0131532292146 -8.97060996917e-10 1.62565155933e-09
0.0265192378625 0.0265192378625 -0.0265284004446 -0.0132642002223 -9.02585317118e-10 1.64417476399e-09
0.0266751873576 0.0266751873576 -0.0266809959295 -0.0133404979648 -9.06367484287e-10 1.65705510257e-09
0.0267611539526 0.0267611539526 -0.0267635981752 -0.0133817990876 -9.08409387965e-10 1.66417479722e-09
0.0267773997277 0.0267773997277 -0.0267765150997 -0.0133882575499 -9.08728345736e-10 1.66552181759e-09
0.0267251340559 0.0267251340559 -0.0267210011785 -0.0133605005893 -9.0735687903e-10 1.6611899684e-09
0.0266064904667 0.0266064904667 -0.0265992335577 -0.0132996167788 -9.04342580591e-10 1.65137561878e-09
0.0264244880855 0.0264244880855 -0.0264142727631 -0.0132071363816 -8.99748049491e-10 1.63637125892e-09
0.0261829783013 0.0261829783013 -0.0261700086806 -0.0130850043403 -8.93650854691e-10 1.61655622957e-09
0.0258865775866 0.0258865775866 -0.025871092734 -0.012935546367 -8.86143475165e-10 1.59238510563e-09
0.0255405876136 0.0255405876136 -0.0255228574234 -0.0127614287117 -8.77333154101e-10 1.56437430978e-09
0.0251509040406 0.0251509040406 -0.0251312246018 -0.0125656123009 -8.67341597402e-10 1.53308758584e-09
0.0247239155255 0.0247239155255 -0.0247026040603 -0.0123513020302 -8.56304443321e-10 1.4991209689e-09
0.0242663946984 0.0242663946984 -0.0242437841572 -0.0121218920786 -8.44370431354e-10 1.46308785692e-09
0.0237853829553 0.0237853829553 -0.0237618163619 -0.011880908181 -8.31700204953e-10 1.42560471979e-09
0.0232880710451 0.0232880710451 -0.0232638956878 -0.0116319478439 -8.18464694727e-10 1.38727788811e-09
0.02278167749 0.02278167749 -0.0227572390587 -0.0113786195294 -8.04843046502e-10 1.34869175346e-09
0.0222733269187 0.0222733269187 -0.0222489636878 -0.0111244818439 -7.9102008163e-10 1.31039859656e-09
0.0217699303895 0.0217699303895 -0.0217459675463 -0.0108729837732 -7.77183304332e-10 1.27291014689e-09
0.0212780697502 0.0212780697502 -0.021254813965 -0.0106274069825 -7.63519501212e-10 1.23669087675e-09
0.0208038880064 0.0208038880064 -0.0207816223375 -0.0103908111688 -7.50211009475e-10 1.2021529479e-09
0.0203529875716 0.0203529875716 -0.0203319667925 -0.0101659833962 -7.37431760417e-10 1.16965266504e-09
0.0199303381342 0.0199303381342 -0.0199107845615 -0.00995539228076 -7.25343230966e-10 1.13948824717e-09
0.0195401957117 0.0195401957117 -0.0195222956065 -0.00976114780323 -7.14090455768e-10 1.11189870628e-09
0.0191860342715 0.0191860342715 -0.0191699348736 -0.00958496743682 -7.03798263407e-10 1.08706361941e-09
0.0188704910809 0.0188704910809 -0.0188562983282 -0.00942814916412 -6.94567901136e-10 1.06510359422e-09
0.0185953267144 0.0185953267144 -0.0185831036843 -0.00929155184215 -6.86474202128e-10 1.04608125399e-09
0.0183614003941 0.0183614003941 -0.0183511664944 -0.0091755832472 -6.7956342805e-10 1.03000260443e-09
0.0181686610772 0.0181686610772 -0.0181603919999 -0.00908019599994 -6.73851888781e-10 1.01681868635e-09
0.0180161544342 0.0180161544342 -0.0180097828718 -0.00900489143589 -6.69325402758e-10 1.00642746306e-09
0.017902045589 0.017902045589 -0.0178974627008 -0.00894873135042 -6.65939618513e-10 9.98675935533e-10
0.0178236572209 0.0178236572209 -0.0178207148248 -0.00891035741239 -6.63621174103e-10 9.93362519325e-10
0.0177775223681 0.0177775223681 -0.0177760358178 -0.00888801790892 -6.6226962961e-10 9.90239752526e-10
0.0177594510166 0.0177594510166 -0.017759202717 -0.00887960135848 -6.61760072173e-10 9.89017430617e-10
0.0177646093253 0.0177646093253 -0.0177653528227 -0.00888267641135 -6.61946265487e-10 9.89366280714e-10
0.0177876101192 0.0177876101192 -0.0177890746983 -0.00889453734914 -6.6266419825e-10 9.90922291817e-10
0.0178226130907 0.0178226130907 -0.0178245087973 -0.00891225439867 -6.63735879239e-10 9.93291808391e-10
0.0178634329828 0.0178634329828 -0.0178654559864 -0.0089327279932 -6.6497323043e-10 9.96057470992e-10
0.0179036538886 0.0179036538886 -0.0179054920925 -0.00895274604626 -6.66181942504e-10 9.98785049945e-10
0.0179367477005 0.0179367477005 -0.0179380865029 -0.00896904325146 -6.67165177509e-10 1.00103116736e-09
0.0179561946676 0.0179561946676 -0.0179567227742 -0.0089783613871 -6.67727028992e-10 1.00235184146e-09
0.0179556039856 0.0179556039856 -0.0179550191735 -0.00897750958676 -6.67675678203e-10 1.00231171876e-09
0.0179288323416 0.0179288323416 -0.0179268470755 -0.00896342353774 -6.66826213594e-10 1.00049378927e-09
0.0178700983707 0.0178700983707 -0.0178664451748 -0.00893322258738 -6.65003107764e-10 9.96509312412e-10
0.0177740910534 0.0177740910534 -0.0177685275456 -0.00888426377282 -6.620423695e-10 9.90007624577e-10
0.0176360701828 0.0176360701828 -0.0176283836852 -0.0088141918426 -6.57793407439e-10 9.80685457292e-10
0.0174519571676 0.0174519571676 -0.0174419688133 -0.00872098440665 -6.52120655379e-10 9.68295375675e-10
0.0172184146043 0.0172184146043 -0.0172059828695 -0.00860299143476 -6.44905017003e-10 9.52652952234e-10
0.0169329132401 0.0169329132401 -0.0169179368403 -0.00845896842016 -6.36045189805e-10 9.33642324535e-10
0.0165937851658 0.0165937851658 -0.0165762052661 -0.00828810263307 -6.25458924554e-10 9.11219845703e-10
0.0162002623141 0.0162002623141 -0.016180064015 -0.0080900320075 -6.13084268082e-10 8.85415621143e-10
0.0157524995888 0.0157524995888 -0.0157297126607 -0.00786485633035 -5.98880824256e-10 8.56332827629e-10
0.0152515822135 0.0152515822135 -0.0152262810674 -0.00761314053369 -5.82831051148e-10 8.24144824217e-10
0.0146995171585 0.0146995171585 -0.0146718200526 -0.00733591002628 -5.64941592589e-10 7.89090179362e-10
0.0140992087784 0.0140992087784 -0.0140692762726 -0.00703463813631 -5.45244620219e-10 7.51465845809e-10
0.0134544190602 0.0134544190602 -0.0134224517454 -0.00671122587272 -5.23799138858e-10 7.1161880571e-10
0.0127697131479 0.0127697131479 -0.0127359486872 -0.00636797434358 -5.00692184751e-10 6.69936576055e-10
0.0120503910598 0.0120503910598 -0.0120151005919 -0.00600755029594 -4.76039824228e-10 6.26837004313e-10
0.0113024067523 0.0113024067523 -0.0112658907182 -0.00563294535912 -4.49987841382e-10 5.82757794283e-10
0.0105322758991 0.0105322758991 -0.0104948593626 -0.00524742968132 -4.2271198905e-10 5.38146183656e-10
0.00974697395012 0.00974697395012 -0.00970900149088 -0.00485450074544 -3.94417669779e-10 4.93449151029e-10
0.00895382619833 0.00895382619833 -0.00891565646489 -0.00445782823244 -3.65338914291e-10 4.49104466639e-10
0.00816039172165 0.00816039172165 -0.00812239173697 -0.00406119586848 -3.35736535954e-10 4.05532824471e-10
0.00737434317153 0.00737434317153 -0.00733688248726 -0.00366844124363 -3.05895361986e-10 3.63131210641e-10
0.00660334445054 0.00660334445054 -0.00656678924975 -0.00328339462488 -2.76120476168e-10 3.22267580764e-10
0.00585492835849 0.00585492835849 -0.00581963560696 -0.00290981780348 -2.46732453094e-10 2.83276843118e-10
0.00513637628677 0.00513637628677 -0.00510268803235 -0.00255134401618 -2.18061618864e-10 2.46458079196e-10
0.00445460200642 0.00445460200642 -0.00442283992333 -0.00221141996166 -1.90441434803e-10 2.12072881566e-10
0.00381604152516 0.00381604152516 -0.00378650179596 -0.00189325089798 -1.64201165164e-10 1.80344652261e-10
0.00322655088564 0.00322655088564 -0.0031994995079 -0.00159974975395 -1.3965805195e-10 1.5145868316e-10
0.00269131364116 0.00269131364116 -0.00266698223846 -0.00133349111923 -1.17109274448e-10 1.25562832065e-10
0.00221475958036 0.00221475958036 -0.00219334178884 -0.00109667089442 -9.68240122209e-11 1.02768612601e-10
0.00180049607991 0.00180049607991 -0.00178214457161 -0.000891072285807 -7.90359534048e-11 8.315253057e-11
0.00145125324888 0.00145125324888 -0.00143607744225 -0.000718038721127 -6.3936591408e-11 6.67575215797e-11
0.00116884379272 0.00116884379272 -0.00115690828904 -0.000578454144518 -5.1669630811e-11 5.35943724964e-11
0.000954138273465 0.000954138273465 -0.000945462045393 -0.000472731022697 -4.23267777344e-11 4.36430404096e-11
0.000807056179808 0.000807056179808 -0.000801612525584 -0.000400806262792 -3.59451238221e-11 3.68538156705e-11
0.000726572950651 0.000726572950651 -0.000724290214164 -0.000362145107082 -3.25062510888e-11 3.31483086215e-11
0.000710742823192 0.000710742823192 -0.000711505867304 -0.000355752933652 -3.19370936112e-11 3.24202716517e-11
0.000756737106469 0.000756737106469 -0.000760389513958 -0.000380194756979 -3.41124988384e-11 3.45362980732e-11
0.000860897217785 0.000860897217785 -0.000867244181903 -0.000433622090952 -3.88593436959e-11 3.93364659942e-11
0.0010188015674 0.0010188015674 -0.00102761342225 -0.000513806711125 -4.59619855563e-11 4.6635017844e-11
0.00122534514049 0.00122534514049 -0.0012363614705 -0.000618180735252 -5.51687709882e-11 5.62211834282e-11
0.00147483040858 0.00147483040858 -0.00148776466654 -0.00074388233327 -6.61992895062e-11 6.78602652622e-11
0.00176106800951 0.00176106800951 -0.00177561256382 -0.000887806281911 -7.87520466325e-11 8.12951083554e-11
0.00207748546836 0.00207748546836 -0.00209331699297 -0.00104665849649 -9.25122395866e-11 9.62480716144e-11
0.00241724209462 0.00241724209462 -0.00243402720923 -0.00121701360461 -1.071593471e-10 1.12423603839e-10
0.00277334808604 0.00277334808604 -0.00279074914988 -0.00139537457494 -1.22374288031e-10 1.29511503568e-10
0.00313878579811 0.00313878579811 -0.00315646675802 -0.00157823337901 -1.37845956631e-10 1.47190909023e-10
0.00350663110145 0.00350663110145 -0.00352426329411 -0.00176213164705 -1.53277000274e-10 1.65135023109e-10
0.00387017274893 0.00387017274893 -0.00388744055786 -0.00194372027893 -1.68388763253e-10 1.83016530666e-10
0.00422302770848 0.00422302770848 -0.00423963397903 -0.00211981698951 -1.82925373635e-10 2.00513613667e-10
0.00455925048772 0.00455925048772 -0.00457492160721 -0.0022874608036 -1.96656996028e-10 2.17316418294e-10
0.00487343457933 0.00487343457933 -0.00488792513567 -0.00244396256784 -2.09382309123e-10 2.33133779893e-10
0.00516080429219 0.00516080429219 -0.00517390123108 -0.00258695061554 -2.20930292188e-10 2.47699971893e-10
0.00541729539782 0.00541729539782 -0.00542882160758 -0.00271441080379 -2.31161418995e-10 2.6078121714e-10
0.00563962321397 0.00563962321397 -0.00564944047675 -0.00282472023837 -2.39968361765e-10 2.72181687937e-10
0.00582533696272 0.00582533696272 -0.00583334822166 -0.00291667411083 -2.47276302717e-10 2.81748726904e-10
0.00597285947577 0.00597285947577 -0.00597901037955 -0.00298950518977 -2.53042938349e-10 2.89377045178e-10
0.00608151157105 0.00608151157105 -0.0060857912695 -0.00304289563475 -2.57258243375e-10 2.95011696666e-10
0.00615152068755 0.00615152068755 -0.00615396186498 -0.00307698093249 -2.59944039159e-10 2.98649684308e-10
0.00618401363522 0.00618401363522 -0.00618469178109 -0.00309234589055 -2.61153387348e-10 3.00340122412e-10
0.00618099358923 0.00618099358923 -0.00618002551891 -0.00309001275946 -2.60969804938e-10 3.00182952827e-10
0.00614530172785 0.00614530172785 -0.00614284337912 -0.00307142168956 -2.59506273974e-10 2.98326286025e-10
0.00608056417685 0.00608056417685 -0.00607680772004 -0.00303840386002 -2.56903999078e-10 2.9496250532e-10
0.00599112517475 0.00599112517475 -0.00598629548647 -0.00299314774324 -2.53330850572e-10 2.90323328292e-10
0.00588196761025 0.00588196761025 -0.00587631817125 -0.00293815908563 -2.4897942153e-10 2.8467405998e-10
0.00575862229897 0.00575862229897 -0.00575243058686 -0.00287621529343 -2.44064624955e-10 2.78307295383e-10
0.00562706756063 0.00562706756063 -0.00562063001656 -0.00281031500828 -2.38820763325e-10 2.71536333322e-10
0.00549362082354 0.00549362082354 -0.00548724747953 -0.00274362373977 -2.33498017694e-10 2.64688551086e-10
0.00536482412062 0.00536482412062 -0.00535883297988 -0.00267941648994 -2.28358327337e-10 2.58098961635e-10
0.0052473254461 0.0052473254461 -0.00524203671293 -0.00262101835647 -2.23670662993e-10 2.5210413614e-10
0.0051477580131 0.0051477580131 -0.00514348827172 -0.00257174413586 -2.19705735768e-10 2.47036628141e-10
0.00507261948896 0.00507261948896 -0.00506967593129 -0.00253483796564 -2.16730227389e-10 2.43219985904e-10
0.00502815328573 0.00502815328573 -0.00502682808746 -0.00251341404373 -2.15000672806e-10 2.40964390463e-10
0.00502023394867 0.00502023394867 -0.0050207988905 -0.00251039944525 -2.1475716949e-10 2.40562911671e-10
0.00505425861574 0.00505425861574 -0.00505696004228 -0.00252848002114 -2.16217125067e-10 2.42288336034e-10
0.00513504641768 0.00513504641768 -0.00514010062091 -0.00257005031046 -2.19569282229e-10 2.46390489824e-10
0.00526674755259 0.00526674755259 -0.0052743366596 -0.0026371683298 -2.24968273488e-10 2.53093960075e-10
0.005452763604 0.005452763604 -0.00546303203975 -0.00273151601988 -2.3252995565e-10 2.62596104819e-10
0.00569568047891 0.00569568047891 -0.00570873206554 -0.00285436603277 -2.42327753405e-10 2.75065242142e-10
0.00599721512726 0.00599721512726 -0.00601311086987 -0.00300655543493 -2.54390203467e-10 2.90638914745e-10
0.0063581769681 0.0063581769681 -0.00637693356583 -0.00318846678291 -2.68699837097e-10 3.0942214188e-10
0.00677844469679 0.00677844469679 -0.00680003380525 -0.00340001690263 -2.85193473206e-10 3.31485592765e-10
0.00725695888446 0.00725695888446 -0.00728130714288 -0.00364065357144 -3.03763921624e-10 3.56863643839e-10
0.007791730511 0.007791730511 -0.00781872033423 -0.00390936016711 -3.24263022043e-10 3.85552315328e-10
0.00837986530023 0.00837986530023 -0.0084093364229 -0.00420466821145 -3.46505874934e-10 4.17507119281e-10
0.00901760345603 0.00901760345603 -0.00904935520306 -0.00452467760153 -3.70276061643e-10 4.52640889971e-10
0.00970037413443 0.00970037413443 -0.00973416837985 -0.00486708418993 -3.95331606672e-10 4.90821706665e-10
0.010422863735 0.010422863735 -0.0104584284991 -0.00522921424953 -4.21411408695e-10 5.31871056111e-10
0.011179096858 0.011179096858 -0.0112161304821 -0.00560806524105 -4.48241859411e-10 5.75562415244e-10
0.0119625285583 0.0119625285583 -0.0120007043863 -0.00600035219316 -4.75543380399e-10 6.2162046076e-10
0.0127661463317 0.0127661463317 -0.0128051178192 -0.00640255890961 -5.03036635369e-10 6.69721128344e-10
0.0135825801051 0.0135825801051 -0.0136219862694 -0.00681099313468 -5.30448215256e-10 7.19492747379e-10
0.0144042183634 0.0144042183634 -0.0144436894817 -0.00722184474085 -5.57515642178e-10 7.70518464126e-10
0.0152233284424 0.0152233284424 -0.0152624919016 -0.00763124595081 -5.83991590853e-10 8.22340135438e-10
0.0160321789431 0.0160321789431 -0.0160706651419 -0.00803533257095 -6.09647278444e-10 8.74463824906e-10
0.01682316219 0.01682316219 -0.0168606103928 -0.00843030519639 -6.34275022122e-10 9.2636696432e-10
0.0175889146521 0.0175889146521 -0.0176249786955 -0.00881248934774 -6.57690005274e-10 9.77507157429e-10
0.0183224332817 0.0183224332817 -0.0183567870363 -0.00917839351816 -6.79731326178e-10 1.0273325044e-09
0.0190171857945 0.0190171857945 -0.0190495282903 -0.00952476414517 -7.00262426422e-10 1.07529322008e-09
0.0196672130205 0.0196672130205 -0.0196972731472 -0.00984863657358 -7.19171010177e-10 1.12085421485e-09
0.0202672215867 0.0202672215867 -0.0202947622906 -0.0101473811453 -7.3636857043e-10 1.16350821243e-09
0.0208126653619 0.0208126653619 -0.020837487268 -0.010418743634 -7.51789635511e-10 1.20278890324e-09
0.0212998142837 0.0212998142837 -0.0213217586809 -0.0106608793404 -7.65390840166e-10 1.23828358372e-09
0.0217258094029 0.0217258094029 -0.0217447605431 -0.0108723802715 -7.77149911483e-10 1.26964471757e-09
0.0220887032184 0.0220887032184 -0.0221045898896 -0.0110522949448 -7.87064642757e-10 1.29659987786e-09
0.0223874846247 0.0223874846247 -0.0224002809728 -0.0112001404864 -7.95151909052e-10 1.31895959093e-09
0.0226220880589 0.0226220880589 -0.0226318136439 -0.011315906822 -8.01446758123e-10 1.33662269948e-09
0.0227933867017 0.0227933867017 -0.0228001057889 -0.0114000528945 -8.06001590285e-10 1.34957898728e-09
0.0229031698635 0.0229031698635 -0.0229069899614 -0.0114534949807 -8.08885421775e-10 1.3579089517e-09
0.0229541049513 0.0229541049513 -0.0229551746226 -0.0114775873113 -8.10183208652e-10 1.36178076106e-09
0.0229496846818 0.0229496846818 -0.0229481906646 -0.0114740953323 -8.0999519311e-10 1.3614445793e-09
0.0228941604518 0.0228941604518 -0.0228903241421 -0.0114451620711 -8.08436221702e-10 1.35722456932e-09
0.0227924630189 0.0227924630189 -0.0227865363736 -0.0113932681868 -8.05634976087e-10 1.34950898917e-09
0.0226501118589 0.0226501118589 -0.0226423727908 -0.0113211863954 -8.01733051974e-10 1.33873886454e-09
0.0224731147601 0.0224731147601 -0.0224638621042 -0.0112319310521 -7.96883821564e-10 1.32539575462e-09
0.0222678593825 0.0222678593825 -0.0222574075192 -0.0111287037596 -7.91251019359e-10 1.30998912586e-09
0.0220409986456 0.0220409986456 -0.0220296718749 -0.0110148359374 -7.85007001028e-10 1.29304381331e-09
0.0217993319141 0.0217993319141 -0.0217874586751 -0.0108937293376 -7.78330640059e-10 1.27508798762e-09
0.0215496840218 0.0215496840218 -0.0215375910596 -0.0107687955298 -7.71404846836e-10 1.25664196635e-09
0.0212987842121 0.0212987842121 -0.0212867907891 -0.0106433953945 -7.64413718871e-10 1.23820811709e-09
0.0210531470706 0.0210531470706 -0.0210415593246 -0.0105207796623 -7.57539357816e-10 1.22026200785e-09
0.0208189574961 0.0208189574961 -0.0208080630397 -0.0104040315199 -7.50958417089e-10 1.20324487184e-09
0.0206019616814 0.0206019616814 -0.0205920245366 -0.0102960122683 -7.44838471221e-10 1.18755737687e-09
0.020407365975 0.020407365975 -0.0203986219293 -0.0101993109646 -7.39334322295e-10 1.17355462704e-09
0.0202397453585 0.0202397453585 -0.0202323978227 -0.0101161989114 -7.34584377587e-10 1.1615422789e-09
0.0201029631104 0.0201029631104 -0.0200971795485 -0.0100485897742 -7.30707243815e-10 1.1517736267e-09
0.0200001030312 0.0200001030312 -0.0199960120241 -0.00999800601205 -7.27798685545e-10 1.14444750101e-09
0.0199334153961 0.0199334153961 -0.0199311043893 -0.00996555219466 -7.25929087377e-10 1.13970683007e-09
0.0199042775582 0.0199042775582 -0.0199037913321 -0.00995189566606 -7.25141541545e-10 1.13763773231e-09
0.0199131698802 0.0199131698802 -0.0199145097693 -0.00995725488465 -7.25450655428e-10 1.13826903756e-09
0.0199596674063 0.0199596674063 -0.0199627912803 -0.00998139564016 -7.26842138927e-10 1.14157217164e-09
0.0200424474165 0.0200424474165 -0.0200472704246 -0.0100236352123 -7.29273192484e-10 1.14746138103e-09
0.0201593127347 0.0201593127347 -0.0201657087988 -0.0100828543994 -7.32673675593e-10 1.15579431716e-09
0.0203072303899 0.0203072303899 -0.0203150344228 -0.0101575172114 -7.36947996444e-10 1.16637304226e-09
0.0204823849674 0.0204823849674 -0.0204913957765 -0.0102456978882 -7.41977628793e-10 1.1789455552e-09
0.0206802457356 0.0206802457356 -0.0206902295631 -0.0103451147815 -7.47624134964e-10 1.19320796566e-09
0.020895646396 0.020895646396 -0.0209063410349 -0.0104531705174 -7.53732555861e-10 1.20880746365e-09
0.0211228760891 0.0211228760891 -0.0211339955039 -0.010566997752 -7.60135020856e-10 1.22534623685e-09
0.0213557800954 0.0213557800954 -0.0213670194685 -0.0106835097342 -7.66654432528e-10 1.24238647865e-09
0.0215878685022 0.0215878685022 -0.0215989096195 -0.0107994548097 -7.73108092382e-10 1.25945660235e-09
0.0218124309741 0.0218124309741 -0.0218229478573 -0.0109114739286 -7.79311152397e-10 1.27605873269e-09
0.0220226556553 0.0220226556553 -0.0220323203445 -0.0110161601722 -7.85079801382e-10 1.29167748438e-09
0.0222117501653 0.0222117501653 -0.0222202385518 -0.0111101192759 -7.90234122359e-10 1.30578996143e-09
0.0223730626083 0.0223730626083 -0.0223800602187 -0.0111900301093 -7.94600585281e-10 1.31787682438e-09
0.0225002005211 0.0225002005211 -0.0225054081522 -0.0112527040761 -7.9801416632e-10 1.32743418172e-09
0.0225871457141 0.0225871457141 -0.0225902848227 -0.0112951424114 -8.00320108943e-10 1.33398597215e-09
0.0226283630333 0.0226283630333 -0.0226291807878 -0.0113145903939 -8.0137536192e-10 1.33709642591e-09
0.0226189011732 0.0226189011732 -0.0226171750799 -0.01130858754 -8.01049744457e-10 1.3363821327e-09
0.0225544838059 0.0225544838059 -0.022550025831 -0.0112750129155 -7.99226898415e-10 1.33152320927e-09
0.0224315894576 0.0224315894576 -0.0224242495733 -0.0112121247866 -7.95805092172e-10 1.32227305735e-09
0.0222475187552 0.0222475187552 -0.0222371878494 -0.0111185939247 -7.90697940255e-10 1.30846623524e-09
0.0220004478821 0.0220004478821 -0.0219870599806 -0.0109935299903 -7.83835097912e-10 1.29002403493e-09
0.0216894673166 0.0216894673166 -0.0216730010795 -0.0108365005397 -7.75162980766e-10 1.26695745799e-09
0.021314605179 0.021314605179 -0.0212950846457 -0.0106475423228 -7.64645547243e-10 1.23936741016e-09
0.0208768347761 0.0208768347761 -0.0208543293447 -0.0104271646723 -7.52265166054e-10 1.20744207852e-09
0.0203780662007 0.0203780662007 -0.020352689842 -0.010176344921 -7.38023573349e-10 1.17145160392e-09
0.0198211221182 0.0198211221182 -0.0197930318373 -0.00989651591866 -7.21942904792e-10 1.13174030318e-09
0.019209698141 0.019209698141 -0.0191790917118 -0.0095895458559 -7.04066767483e-10 1.08871681918e-09
0.0185483084554 0.0185483084554 -0.018515421466 -0.00925771073299 -6.84461296214e-10 1.04284267282e-09
0.0178422176173 0.0178422176173 -0.017807319877 -0.00890365993851 -6.63216118961e-10 9.94619751483e-10
0.0170973596709 0.0170973596709 -0.0170607510388 -0.00853037551938 -6.40445139039e-10 9.44577291959e-10
0.0163202459586 0.0163202459586 -0.0162822516645 -0.00814112583226 -6.16287027232e-10 8.93258901731e-10
0.0155178631863 0.0155178631863 -0.0154788287242 -0.00773941436212 -5.90905308142e-10 8.4121011451e-10
0.0146975634731 0.0146975634731 -0.0146578491527 -0.00732892457634 -5.64487922312e-10 7.88966901438e-10
0.0138669482519 0.0138669482519 -0.0138269235012 -0.00691346175059 -5.37246151035e-10 7.37045465793e-10
0.0130337479926 0.0130337479926 -0.0129937855087 -0.00649689275433 -5.09412805113e-10 6.85933545858e-10
0.0122056997904 0.0122056997904 -0.0121661696374 -0.0060830848187 -4.8123960302e-10 6.3608334637e-10
0.0113904248993 0.0113904248993 -0.0113516886536 -0.00567584432678 -4.52993697787e-10 5.87906121279e-10
0.0105953082899 0.0105953082899 -0.0105577133323 -0.00527885666614 -4.24953354587e-10 5.41768345462e-10
0.00982738227769 0.00982738227769 -0.00979125632972 -0.00489562816486 -3.97402830543e-10 4.97989344592e-10
0.00909321619757 0.00909321619757 -0.00905886219395 -0.00452943109698 -3.70626561744e-10 4.56840202578e-10
0.00839881399623 0.00839881399623 -0.00836650538117 -0.00418325269059 -3.44902816096e-10 4.185437353e-10
0.00774952147997 0.00774952147997 -0.0077194980067 -0.00385974900335 -3.20497020027e-10 3.8327530653e-10
0.00714994478914 0.00714994478914 -0.00712240889393 -0.00356120444696 -2.97655007602e-10 3.51164264866e-10
0.00660388147896 0.00660388147896 -0.00657899529086 -0.00328949764543 -2.76596468005e-10 3.22295796403e-10
0.00611426537061 0.00611426537061 -0.0060921484074 -0.0030460742037 -2.57508878058e-10 2.96713013678e-10
0.00568312610109 0.00568312610109 -0.00566385369015 -0.00283192684507 -2.40542198325e-10 2.74419134163e-10
0.00531156404899 0.00531156404899 -0.00529516649928 -0.00264758324964 -2.25804583794e-10 2.55379638508e-10
0.00499974105016 0.00499974105016 -0.00498620358894 -0.00249310179447 -2.133593145e-10 2.39524337331e-10
0.00474688704757 0.00474688704757 -0.00473615052209 -0.00236807526105 -2.03223090863e-10 2.26749313695e-10
0.00455132254701 0.00455132254701 -0.00454328487855 -0.00227164243928 -1.95365767612e-10 2.16918744614e-10
0.00441049648003 0.00441049648003 -0.00440501484471 -0.00220250742236 -1.89711524654e-10 2.09866637743e-10
0.00432103881232 0.00432103881232 -0.00431793251068 -0.00215896625534 -1.86141399267e-10 2.05398547347e-10
0.00427882698344 0.00427882698344 -0.0042778809491 -0.00213894047455 -1.8449703741e-10 2.03293355785e-10
0.00427906502775 0.00427906502775 -0.00428003391435 -0.00214001695717 -1.84585467717e-10 2.03305221913e-10
0.00431637400928 0.00431637400928 -0.00431898678526 -0.00215949339263 -1.86184663571e-10 2.05165805107e-10
0.00438489221045 0.00438489221045 -0.00438885718244 -0.00219442859122 -1.89049638302e-10 2.08586872226e-10
0.00447838334781 0.00447838334781 -0.00448339352591 -0.00224169676296 -1.92918816385e-10 2.13263384167e-10
0.0045903509508 0.0045903509508 -0.00459608966366 -0.00229804483183 -1.97520437817e-10 2.18877138523e-10
0.00471415693487 0.00471415693487 -0.00472030359767 -0.00236015179883 -2.02578781072e-10 2.25101015546e-10
0.00484314232859 0.00484314232859 -0.00484937826483 -0.00242468913241 -2.07820028241e-10 2.31603837063e-10
0.00497074807805 0.00497074807805 -0.00497676229499 -0.0024883811475 -2.12977640256e-10 2.38055803943e-10
0.00509063385101 0.00509063385101 -0.00509612866944 -0.00254806433472 -2.17797156242e-10 2.44134429636e-10
0.00519679279784 0.00519679279784 -0.00520148923934 -0.00260074461967 -2.22040375349e-10 2.49530838493e-10
0.00528366029602 0.00528366029602 -0.00528730313519 -0.00264365156759 -2.25488918962e-10 2.53956251736e-10
0.00534621480833 0.00534621480833 -0.00534857720296 -0.00267428860148 -2.27947203584e-10 2.57148445257e-10
0.00538006912035 0.00538006912035 -0.00538095674001 -0.00269047837001 -2.29244878642e-10 2.5887793574e-10
0.00538155038787 0.00538155038787 -0.00538080496991 -0.00269040248496 -2.29238798367e-10 2.58953638423e-10
0.00534776761706 0.00534776761706 -0.00534526988869 -0.00267263494435 -2.27814602797e-10 2.57227743478e-10
0.00527666541546 0.00527666541546 -0.00527233733177 -0.00263616866589 -2.24887980489e-10 2.53599579626e-10
0.00516706308768 0.00516706308768 -0.00516086934682 -0.00258043467341 -2.20405675701e-10 2.48018272583e-10
0.00501867840062 0.00501867840062 -0.00501062721007 -0.00250531360504 -2.14346286929e-10 2.40484060044e-10
0.00483213560628 0.00483213560628 -0.00482227868676 -0.00241113934338 -2.06720883157e-10 2.31048190329e-10
0.00460895757977 0.00460895757977 -0.00459738940659 -0.00229869470329 -1.97573440659e-10 2.19811403564e-10
0.00435154220288 0.00435154220288 -0.00433839849741 -0.0021691992487 -1.86981078293e-10 2.06921066613e-10
0.00406312339337 0.00406312339337 -0.00404857889037 -0.00202428944519 -1.75054044657e-10 1.9256710013e-10
0.00374771744373 0.00374771744373 -0.00373198297257 -0.00186599148629 -1.61935388161e-10 1.7697689284e-10
0.00341005558494 0.00341005558494 -0.00339337451447 -0.00169668725724 -1.47800222736e-10 1.60409440252e-10
0.00305550392702 0.00305550392702 -0.00303814803501 -0.0015190740175 -1.32854489465e-10 1.43148969803e-10
0.00268997214504 0.00268997214504 -0.00267223698259 -0.00133611849129 -1.17333109762e-10 1.25498320956e-10
0.00231981247201 0.00231981247201 -0.00230201230244 -0.00115100615122 -1.01497430244e-10 1.07772337647e-10
0.00195171072685 0.00195171072685 -0.00193417312553 -0.000967086562765 -8.5631874548e-11 9.02915039942e-11
0.00159257124244 0.00159257124244 -0.00157563145001 -0.000787815725007 -7.00397435388e-11 7.33760155404e-11
0.00124939766358 0.00124939766358 -0.00123339278936 -0.00061669639468 -5.50381425335e-11 5.73404315422e-11
0.000929171656262 0.000929171656262 -0.000914434830931 -0.000457217415465 -4.09520611907e-11 4.24890031714e-11
0.000638731605659 0.000638731605659 -0.000625586183565 -0.000312793091782 -2.81076863731e-11 2.91117218869e-11
0.000384653381289 0.000384653381289 -0.000373407291611 -0.000186703645806 -1.68250872189e-11 1.74810851899e-11
0.000173135212869 0.000173135212869 -0.000164075556529 -8.20377782645e-05 -7.41047055192e-12 7.84953614645e-12
9.88865072637e-06 9.88865072637e-06 -3.27663567924e-06 -1.63831783962e-06 -1.48258562462e-13 4.47500315778e-13
-9.99625189502e-05 -9.99625189502e-05 0.000103896217145 5.19481085727e-05 4.7067159161e-12 -4.51807994244e-12
-0.00015197366925 -0.00015197366925 0.000153033041934 7.6516520967e-05 6.93657330429e-12 -6.86482812251e-12
-0.000142459468522 -0.000142459468522 0.000140486732485 7.02433662426e-05 6.36697887058e-12 -6.43575280159e-12
-6.85613797558e-05 -6.85613797558e-05 6.34398986303e-05 3.17199493151e-05 2.872644697e-12 -3.09992001453e-12
7.16986384217e-05 7.16986384217e-05 -8.00421202597e-05 -4.00210601299e-05 -3.61853798834e-12 3.24691504678e-12
0.000279379155368 0.000279379155368 -0.000290973004968 -0.000145486502484 -1.31229570601e-11 1.2681627505e-11
0.000554595691461 0.000554595691461 -0.00056942263174 -0.00028471131587 -2.56004721589e-11 2.52529258108e-11
0.000896512952398 0.000896512952398 -0.000914510072189 -0.000457255036094 -4.09553960573e-11 4.0980396703e-11
0.00130335301654 0.00130335301654 -0.00132441254653 -0.000662206273265 -5.90392240888e-11 5.98533797062e-11
0.00177241934465 0.00177241934465 -0.00179639018638 -0.000898195093188 -7.96549783901e-11 8.18296900809e-11
0.00230013621106 0.00230013621106 -0.00232682619331 -0.00116341309666 -1.02562950934e-10 1.06834241522e-10
0.00288210289201 0.00288210289201 -0.00291128171649 -0.00145564085824 -1.27487562874e-10 1.34757652105e-10
0.00351316169461 0.00351316169461 -0.00354456452107 -0.00177228226053 -1.54125012361e-10 1.65454947556e-10
0.00418747867385 0.00418747867385 -0.00422081028378 -0.00211040514189 -1.82151361342e-10 1.98744503138e-10
0.00489863566799 0.00489863566799 -0.00493357513634 -0.00246678756817 -2.11230714138e-10 2.34407387336e-10
0.00563973208972 0.00563973208972 -0.00567593788511 -0.00283796894255 -2.41023164952e-10 2.72187284901e-10
0.00640349474365 0.00640349474365 -0.00644061017064 -0.00322030508532 -2.71192234009e-10 3.11791181357e-10
0.00718239380404 0.00718239380404 -0.00722005269474 -0.00361002634737 -3.01411567906e-10 3.5289098378e-10
0.00796876298122 0.00796876298122 -0.00800659553964 -0.00400329776982 -3.31370743167e-10 3.9512623163e-10
0.0087549218341 0.0087549218341 -0.00879256053381 -0.00439628026691 -3.60780077521e-10 4.38108015834e-10
0.00953329814965 0.00953329814965 -0.00957038358454 -0.00478519179227 -3.8937441591e-10 4.81424173996e-10
0.0102965483092 0.0102965483092 -0.0103327348979 -0.00516636744896 -4.1691591371e-10 5.2464576606e-10
0.0110376735965 0.0110376735965 -0.0110726350435 -0.00553631752177 -4.4319588529e-10 5.67334760585e-10
0.0117501304714 0.0117501304714 -0.0117835648923 -0.00589178244617 -4.68035820093e-10 6.09052781437e-10
0.0124279329377 0.0124279329377 -0.0124595675613 -0.00622978378063 -4.91287690634e-10 6.4937068358e-10
0.0130657452676 0.0130657452676 -0.0130953406351 -0.00654767031755 -5.12833687476e-10 6.87878651504e-10
0.0136589635117 0.0136589635117 -0.0136863171027 -0.00684315855133 -5.32585516772e-10 7.24196451252e-10
0.014203784415 0.014203784415 -0.0142287336373 -0.00711436681864 -5.50483387819e-10 7.57983423817e-10
0.0146972605742 0.0146972605742 -0.0147196850691 -0.00735984253456 -5.66494803347e-10 7.88947788945e-10
0.0151373409091 0.0151373409091 -0.0151571641317 -0.00757858206585 -5.80613245739e-10 8.16854837787e-10
0.01552289577 0.01552289577 -0.0155400858188 -0.00777004290938 -5.92856829876e-10 8.41533631288e-10
0.0158537262666 0.0158537262666 -0.0158682959496 -0.00793414797478 -6.03266969537e-10 8.6288188704e-10
0.0161305576759 0.0161305576759 -0.0161425638117 -0.00807128190586 -6.11907080499e-10 8.80868826035e-10
0.0163550170554 0.0163550170554 -0.0163645590228 -0.00818227951142 -6.18861321009e-10 8.95535855717e-10
0.0165295954605 0.0165295954605 -0.0165368130222 -0.00826840651108 -6.24233350054e-10 9.06995078333e-10
0.0166575954294 0.0166575954294 -0.0166626658665 -0.00833133293323 -6.2814506677e-10 9.15425724952e-10
0.016743064647 0.016743064647 -0.016746199256 -0.00837309962798 -6.30735281108e-10 9.21068716555e-10
0.0167907169394 0.0167907169394 -0.0167921569511 -0.00839607847555 -6.32158257273e-10 9.24219636948e-10
0.0168058419659 0.0168058419659 -0.0168058539569 -0.00840292697846 -6.32582067989e-10 9.25220462012e-10
0.0167942051678 0.0167942051678 -0.016793076044 -0.008396538022 -6.32186699819e-10 9.24450423113e-10
0.0167619397011 0.0167619397011 -0.0167599713397 -0.00837998566985 -6.31161857822e-10 9.22316388596e-10
0.0167154322169 0.0167154322169 -0.0167129358593 -0.00835646792964 -6.29704431829e-10 9.19243128282e-10
0.0166612044575 0.0166612044575 -0.0166584949495 -0.00832924747475 -6.28015606069e-10 9.15663785645e-10
0.0166057927084 0.0166057927084 -0.0166031826877 -0.00830159134385 -6.26297618219e-10 9.12010826357e-10
0.0165556271836 0.0165556271836 -0.0165534213133 -0.00827671065664 -6.24750201655e-10 9.08707666106e-10
0.0165169134199 0.0165169134199 -0.0165154027685 -0.00825770138424 -6.23566774304e-10 9.06161111341e-10
0.0164955177237 0.0164955177237 -0.0164949743881 -0.00824748719403 -6.22930466602e-10 9.04754679365e-10
0.0164968586431 0.0164968586431 -0.0164975307071 -0.00824876535353 -6.23010107489e-10 9.04842803823e-10
0.0165258063354 0.0165258063354 -0.0165279132503 -0.00826395662513 -6.23956308377e-10 9.0674588159e-10
0.0165865915624 0.0165865915624 -0.01659032003 -0.00829516001502 -6.25897798429e-10 9.10746079709e-10
0.0166827258847 0.0166827258847 -0.0166882263132 -0.00834411315662 -6.28938168309e-10 9.1708379753e-10
0.0168169344303 0.0168169344303 -0.0168243180239 -0.00841215901193 -6.33153172591e-10 9.25954669608e-10
0.0169911023987 0.0169911023987 -0.0170004389323 -0.00850021946613 -6.38588723043e-10 9.37506998623e-10
0.0172062362282 0.0172062362282 -0.017217552545 -0.0086087762725 -6.45259676674e-10 9.51839523165e-10
0.0174624400994 0.0174624400994 -0.0174757193575 -0.00873785967877 -6.53149485639e-10 9.68999450977e-10
0.0177589081865 0.0177589081865 -0.0177740898686 -0.00888704493429 -6.62210733395e-10 9.88980722049e-10
0.0180939327997 0.0180939327997 -0.0181109134849 -0.00905545674244 -6.72366536318e-10 1.01172250545e-09
0.0184649282862 0.0184649282862 -0.0184835631726 -0.00924178158632 -6.83512745859e-10 1.03710797641e-09
0.0188684702909 0.0188684702909 -0.0188885754423 -0.00944428772114 -6.9552084683e-10 1.06496346325e-09
0.0193003497107 0.0193003497107 -0.0193217049894 -0.00966085249471 -7.08241415576e-10 1.09505809413e-09
0.0197556404287 0.0197556404287 -0.0197779930651 -0.00988899653254 -7.21507979911e-10 1.12710410825e-09
0.0202287796735 0.0202287796735 -0.0202518484111 -0.0101259242056 -7.35141112058e-10 1.16075802151e-09
0.020713659637 0.020713659637 -0.0207371393826 -0.0103685696913 -7.48952586583e-10 1.19562284974e-09
0.0212037287865 0.0212037287865 -0.0212272956861 -0.0106136478431 -7.62749446701e-10 1.23125158984e-09
0.0216921011445 0.0216921011445 -0.0217154179981 -0.0108577089991 -7.76337842559e-10 1.26715213808e-09
0.0221716716688 0.0221716716688 -0.0221943935923 -0.0110971967962 -7.8952653202e-10 1.30279378403e-09
0.0226352357645 0.0226352357645 -0.0226570160009 -0.0113285080004 -8.02129965287e-10 1.33761535691e-09
0.0230756108843 0.0230756108843 -0.0230961066659 -0.0115480533329 -8.13970906971e-10 1.37103502066e-09
0.0234857581402 0.0234857581402 -0.0235046365012 -0.0117523182506 -8.24882580377e-10 1.40246161709e-09
0.0238589018476 0.0238589018476 -0.023875845288 -0.011937922644 -8.34710346934e-10 1.43130734948e-09
0.0241886449577 0.0241886449577 -0.0242033568608 -0.0121016784304 -8.43312957343e-10 1.45700148799e-09
0.0244690784033 0.0244690784033 -0.0244812881152 -0.0122406440576 -8.50563429253e-10 1.4790046733e-09
0.0246948824884 0.0246948824884 -0.0247043499721 -0.012352174986 -8.56349618708e-10 1.49682330485e-09
0.0248614185852 0.0248614185852 -0.0248679385694 -0.0124339692847 -8.60574559261e-10 1.51002343524e-09
0.0249648095694 0.0249648095694 -0.0249682151214 -0.0124841075607 -8.63156643972e-10 1.51824356093e-09
0.0250020076153 0.0250020076153 -0.0250021730764 -0.0125010865382 -8.64029722019e-10 1.52120570732e-09
0.0249708481885 0.0249708481885 -0.0249676914219 -0.012483845711 -8.63143174114e-10 1.51872425739e-09
0.0248700893098 0.0248700893098 -0.0248635732224 -0.0124317866112 -8.60462020052e-10 1.51071206492e-09
0.0246994354153 0.0246994354153 -0.0246895687262 -0.0123447843631 -8.55967098247e-10 1.49718352206e-09
0.0244595453994 0.0244595453994 -0.0244463826434 -0.0122231913217 -8.49655341642e-10 1.47825440659e-09
0.0241520246997 0.0241520246997 -0.024135665464 -0.012067832732 -8.41540157616e-10 1.45413850479e-09
0.0237794015529 0.0237794015529 -0.023759988961 -0.0118799944805 -8.31651901869e-10 1.4251411783e-09
0.0233450878233 0.0233450878233 -0.0233228062907 -0.0116614031454 -8.20038418538e-10 1.39165020242e-09
0.0228533250673 0.0228533250673 -0.022828397368 -0.011414198684 -8.0676560141e-10 1.35412433749e-09
0.0223091167495 0.0223091167495 -0.0222818004423 -0.0111409002212 -7.91917914979e-10 1.31308019353e-09
0.0217181477639 0.0217181477639 -0.0216887310399 -0.01084436552 -7.75598799997e-10 1.26907800566e-09
0.0210866926279 0.0210866926279 -0.0210554896498 -0.0105277448249 -7.57930877132e-10 1.22270695099e-09
0.020421513913 0.020421513913 -0.0203888597252 -0.0101944298626 -7.39055855445e-10 1.17457060987e-09
0.01972975264 0.01972975264 -0.0196959977362 -0.00984799886809 -7.19134050744e-10 1.12527311034e-09
0.0190188125049 0.0190188125049 -0.0189843171462 -0.00949215857311 -6.98343423503e-10 1.07540640341e-09
0.0182962399072 0.0182962399072 -0.018261368287 -0.00913068414349 -6.76878057754e-10 1.02553900751e-09
0.0175696018221 0.0175696018221 -0.0175347161767 -0.00876735808837 -6.54946021601e-10 9.76206444118e-10
0.0168463635961 0.0168463635961 -0.0168118183625 -0.00840590918124 -6.32766576697e-10 9.2790347227e-10
0.0161337687452 0.0161337687452 -0.0160999048641 -0.00804995243203 -6.10566737345e-10 8.81078124796e-10
0.0154387228016 0.0154387228016 -0.0154058622634 -0.00770293113172 -5.88577218426e-10 8.36127461117e-10
0.0147676831833 0.0147676831833 -0.0147361239099 -0.00736806195495 -5.67027852715e-10 7.93394882304e-10
0.0141265569595 0.0141265569595 -0.0140965681077 -0.00704828405387 -5.46142599607e-10 7.53168806677e-10
0.0135206082473 0.0135206082473 -0.0134924260156 -0.00674621300778 -5.26134305272e-10 7.15682477577e-10
0.0129543768126 0.0129543768126 -0.01292820082 -0.00646410040999 -5.07199405526e-10 6.81114667628e-10
0.0124316092527 0.0124316092527 -0.0124075995535 -0.00620379977673 -4.89512783774e-10 6.49591052951e-10
0.0119552039265 0.0119552039265 -0.0119334787089 -0.00596673935447 -4.73223004754e-10 6.2118605321e-10
0.0115271705588 0.0115271705588 -0.0115078045682 -0.00575390228411 -4.58448138753e-10 5.95924965569e-10
0.0111486051968 0.0111486051968 -0.0111316289084 -0.00556581445419 -4.45272370085e-10 5.73786259259e-10
0.0108196809323 0.0108196809323 -0.0108050804877 -0.00540254024384 -4.33743548965e-10 5.54703939332e-10
0.0105396545346 0.0105396545346 -0.010527372442 -0.00526368622098 -4.23871799761e-10 5.3856993069e-10
0.0103068888643 0.0103068888643 -0.0102968254501 -0.00514841272503 -4.15629244612e-10 5.25236474039e-10
0.0101188906714 0.0101188906714 -0.0101109062571 -0.00505545312856 -4.08950843744e-10 5.1451856215e-10
0.00997236311432 0.00997236311432 -0.00996628088155 -0.00498314044077 -4.03736297273e-10 5.06196475773e-10
0.00986327208671 0.00986327208671 -0.00985888157964 -0.00492944078982 -3.99852902254e-10 5.00018502253e-10
0.00978692520212 0.00978692520212 -0.00978398640744 -0.00489199320372 -3.9713921708e-10 4.95703934951e-10
0.00973806206914 0.00973806206914 -0.00973631000253 -0.00486815500126 -3.95409355789e-10 4.92946456866e-10
0.00971095429728 0.00971095429728 -0.0097101040175 -0.00485505200875 -3.94457718991e-10 4.91418006521e-10
0.00969951350714 0.00969951350714 -0.00969926547095 -0.00484963273547 -3.94063966083e-10 4.90773207836e-10
0.00969740548116 0.00969740548116 -0.00969745114683 -0.00484872557342 -3.93998044177e-10 4.90654418482e-10
0.00969816848649 0.00969816848649 -0.00969819606934 -0.00484909803467 -3.94025110623e-10 4.90697413935e-10
0.00969533373026 0.00969533373026 -0.00969503401078 -0.00484751700539 -3.93910215413e-10 4.90537678785e-10
0.00968254587064 0.00968254587064 -0.00968161795545 -0.00484080897772 -3.93422643922e-10 4.89817225403e-10
0.00965368150696 0.00965368150696 -0.00965183844293 -0.00482591922146 -3.9233985634e-10 4.88191806196e-10
0.00960296360614 0.00960296360614 -0.00959993775115 -0.00479996887557 -3.90450994787e-10 4.85338333563e-10
0.00952506989279 0.00952506989279 -0.00952061795046 -0.00476030897523 -3.87559960169e-10 4.80962275917e-10
0.00941523333378 0.00941523333378 -0.00940914096526 -0.00470457048263 -3.83488086432e-10 4.74804763261e-10
0.00926933298325 0.00926933298325 -0.00926141891655 -0.00463070945828 -3.7807645889e-10 4.6664911622e-10
0.00908397361952 0.00908397361952 -0.00907409318532 -0.00453704659266 -3.71187934988e-10 4.563265111e-10
0.00885655279711 0.00885655279711 -0.00884460082994 -0.00442230041497 -3.62708930266e-10 4.43720512621e-10
0.0085853141529 0.0085853141529 -0.00857122720736 -0.00428561360368 -3.5255102957e-10 4.28770245204e-10
0.00826938604065 0.00826938604065 -0.0082531438841 -0.00412657194205 -3.40652474373e-10 4.1147203146e-10
0.00790880481978 0.00790880481978 -0.00789043117537 -0.00394521558768 -3.26979562296e-10 3.9187939891e-10
0.00750452238685 0.00750452238685 -0.00748408491352 -0.00374204245676 -3.11527975465e-10 3.7010143764e-10
0.00705839780845 0.00705839780845 -0.00703600731768 -0.00351800365884 -2.94324031481e-10 3.46299576202e-10
0.0065731731863 0.0065731731863 -0.00654898210843 -0.00327449105421 -2.75425825698e-10 3.20682923738e-10
0.00605243415587 0.00605243415587 -0.00602663428161 -0.0030133171408 -2.54924207745e-10 2.93502396614e-10
0.00550055568273 0.00550055568273 -0.00547337521811 -0.00273668760906 -2.32943510381e-10 2.65043902406e-10
0.00492263407331 0.00492263407331 -0.00489433405778 -0.00244716702889 -2.0964192671e-10 2.35620889007e-10
0.00432440635255 0.00432440635255 -0.00429527650111 -0.00214763825056 -1.85211414385e-10 2.05566580181e-10
0.00371215837791 0.00371215837791 -0.00368251241795 -0.00184125620898 -1.59876994921e-10 1.75226211072e-10
0.00309262325231 0.00309262325231 -0.00306279383439 -0.0015313969172 -1.33895314499e-10 1.44949550284e-10
0.00247287176474 0.00247287176474 -0.00244320503412 -0.00122160251706 -1.07552341593e-10 1.15083952479e-10
0.00186019672477 0.00186019672477 -0.00183104664597 -0.000915523322987 -8.11600977383e-11 8.59681318622e-11
0.0012619931615 0.0012619931615 -0.00123371569284 -0.00061685784642 -5.50523514172e-11 5.79267871907e-11
0.000685636429301 0.000685636429301 -0.000658583646549 -0.000329291823274 -2.95792511164e-11 3.12661482449e-11
0.000138360298833 0.000138360298833 -0.000112874568261 -5.64372841303e-05 -5.10093057295e-12 6.27045616385e-12
-0.000372862887499 -0.000372862887499 0.000396454587244 0.000198227293622 1.80198156988e-11 -1.68006606301e-11
-0.000841437950996 -0.000841437950996 0.000862829461362 0.000431414730681 3.94256194087e-11 -3.7713994697e-11
-0.00126125652833 -0.00126125652833 0.00128016760495 0.000640083802476 5.8773152906e-11 -5.62638626951e-11
-0.00162679876816 -0.00162679876816 0.00164297974964 0.000821489874818 7.57419750586e-11 -7.2272633899e-11
-0.00193322533694 -0.00193322533694 0.00194646130863 0.000973230654314 9.0043265018e-11 -8.55908239663e-11
-0.00217645816357 -0.00217645816357 0.00218657254525 0.00109328627263 1.01428071476e-10 -9.60968934873e-11
-0.00235324854427 -0.00235324854427 0.00236010604059 0.00118005302029 1.09694699474e-10 -1.03696882282e-10
-0.00246123144527 -0.00246123144527 0.00246474030834 0.00123237015417 1.14694877117e-10 -1.08323995078e-10
